Q[m^3/s]	 Qs[l/s]
30.000	3.634
31.000	3.726
32.000	3.735
33.000	3.865
34.000	3.877
35.000	4.130
36.000	4.194
37.000	4.473
38.000	4.624
39.000	4.608
40.000	4.849
41.000	4.952
42.000	5.123
43.000	5.302
44.000	5.509
45.000	5.589
46.000	5.737
47.000	5.968
48.000	6.196
49.000	6.399
50.000	6.674
51.000	6.771
52.000	6.935
53.000	7.182
54.000	7.452
55.000	7.619
56.000	7.918
57.000	8.133
58.000	8.360
59.000	8.548
60.000	8.764
61.000	9.038
62.000	9.380
63.000	9.609
64.000	9.878
65.000	10.177
66.000	10.439
67.000	10.705
68.000	10.975
69.000	11.199
70.000	11.412
71.000	11.750
72.000	12.035
73.000	12.238
74.000	12.540
75.000	12.870
76.000	13.110
77.000	13.435
78.000	13.679
79.000	13.870
80.000	14.056
81.000	14.328
82.000	14.724
83.000	15.126
84.000	15.356
85.000	15.694
86.000	15.926
87.000	16.250
88.000	16.635
89.000	16.902
90.000	17.289
91.000	17.329
92.000	17.237
93.000	17.286
94.000	17.882
95.000	18.106
96.000	18.347
97.000	18.506
98.000	18.700
99.000	19.118
100.000	19.323
101.000	19.561
102.000	19.922
103.000	20.041
104.000	20.511
105.000	20.888
106.000	21.255
107.000	21.581
108.000	21.952
109.000	22.220
110.000	22.572
111.000	22.957
112.000	23.248
113.000	23.614
114.000	23.974
115.000	24.341
116.000	24.682
117.000	25.078
118.000	25.441
119.000	25.822
120.000	26.133
121.000	26.512
122.000	26.937
123.000	27.297
124.000	27.767
125.000	28.054
126.000	28.419
127.000	28.814
128.000	29.216
129.000	29.571
130.000	29.827
131.000	30.258
132.000	30.617
133.000	30.938
134.000	31.415
135.000	31.873
136.000	32.235
137.000	32.550
138.000	33.030
139.000	33.438
140.000	33.869
141.000	34.361
142.000	34.697
143.000	35.109
144.000	35.577
145.000	35.773
146.000	36.288
147.000	36.789
148.000	37.244
149.000	37.583
150.000	37.823
151.000	38.122
152.000	38.750
153.000	39.110
154.000	39.527
155.000	40.002
156.000	40.111
157.000	40.798
158.000	41.282
159.000	41.740
160.000	42.257
161.000	42.452
162.000	43.018
163.000	43.434
164.000	43.940
165.000	44.449
166.000	44.947
167.000	45.453
168.000	45.826
169.000	46.263
170.000	46.851
171.000	47.213
172.000	47.676
173.000	48.154
174.000	48.779
175.000	49.238
176.000	48.514
177.000	49.147
178.000	49.551
179.000	49.899
180.000	50.415
181.000	50.802
182.000	51.255
183.000	51.609
184.000	52.065
185.000	52.383
186.000	52.870
187.000	53.465
188.000	53.911
189.000	54.400
190.000	54.835
191.000	54.931
192.000	55.493
193.000	55.977
194.000	56.351
195.000	56.881
196.000	57.425
197.000	57.861
198.000	58.335
199.000	58.846
200.000	59.372
201.000	59.773
202.000	60.170
203.000	60.647
204.000	61.079
205.000	61.491
206.000	62.058
207.000	62.514
208.000	62.734
209.000	63.265
210.000	63.684
211.000	64.136
212.000	64.535
213.000	64.998
214.000	65.580
215.000	65.938
216.000	66.489
217.000	67.008
218.000	67.553
219.000	68.028
220.000	68.449
221.000	68.973
222.000	69.509
223.000	70.108
224.000	70.513
225.000	71.371
226.000	71.804
227.000	72.217
228.000	72.837
229.000	73.435
230.000	73.967
231.000	74.520
232.000	75.044
233.000	75.492
234.000	76.149
235.000	76.606
236.000	77.141
237.000	77.640
238.000	78.235
239.000	78.704
240.000	79.162
241.000	79.864
242.000	80.387
243.000	80.744
244.000	81.433
245.000	82.065
246.000	82.593
247.000	83.147
248.000	83.764
249.000	84.295
250.000	84.900
251.000	85.484
252.000	86.093
253.000	86.629
254.000	87.187
255.000	87.637
256.000	88.247
257.000	88.859
258.000	89.428
259.000	89.956
260.000	90.574
261.000	91.138
262.000	91.624
263.000	92.351
264.000	92.943
265.000	93.217
266.000	93.795
267.000	94.439
268.000	94.919
269.000	95.575
270.000	96.126
271.000	96.713
272.000	97.349
273.000	97.962
274.000	98.512
275.000	99.055
276.000	99.665
277.000	100.325
278.000	100.934
279.000	101.493
280.000	102.030
281.000	102.646
282.000	103.334
283.000	103.852
284.000	104.198
285.000	103.616
286.000	104.460
287.000	105.079
288.000	105.632
289.000	105.942
290.000	106.394
291.000	107.179
292.000	107.878
293.000	108.420
294.000	109.037
295.000	109.650
296.000	110.270
297.000	110.830
298.000	111.420
299.000	112.075
300.000	112.677
301.000	113.228
302.000	113.652
303.000	114.045
304.000	115.168
305.000	115.543
306.000	116.383
307.000	116.980
308.000	117.561
309.000	118.349
310.000	118.875
311.000	119.368
312.000	120.297
313.000	120.759
314.000	120.930
315.000	122.033
316.000	122.396
317.000	123.110
318.000	123.635
319.000	123.540
320.000	124.304
321.000	124.916
322.000	125.520
323.000	126.118
324.000	126.697
325.000	127.371
326.000	127.940
327.000	128.600
328.000	129.266
329.000	129.896
330.000	130.537
331.000	131.180
332.000	131.909
333.000	132.525
334.000	133.191
335.000	133.809
336.000	134.437
337.000	135.137
338.000	135.795
339.000	136.441
340.000	137.099
341.000	137.572
342.000	138.103
343.000	138.816
344.000	139.431
345.000	140.109
346.000	140.802
347.000	141.453
348.000	142.054
349.000	142.736
350.000	143.464
351.000	144.122
352.000	144.812
353.000	145.476
354.000	146.159
355.000	146.860
356.000	147.485
357.000	148.125
358.000	148.848
359.000	149.495
360.000	150.126
361.000	150.748
362.000	151.454
363.000	152.078
364.000	152.731
365.000	153.416
366.000	154.097
367.000	154.756
368.000	155.370
369.000	156.106
370.000	156.826
371.000	157.460
372.000	158.114
373.000	158.892
374.000	159.559
375.000	160.240
376.000	160.878
377.000	161.619
378.000	162.397
379.000	163.010
380.000	163.791
381.000	164.462
382.000	165.091
383.000	165.860
384.000	166.542
385.000	167.355
386.000	168.047
387.000	168.727
388.000	169.420
389.000	170.089
390.000	170.834
391.000	171.558
392.000	172.276
393.000	172.760
394.000	173.460
395.000	174.222
396.000	174.868
397.000	175.664
398.000	176.403
399.000	177.027
400.000	177.723
401.000	178.441
402.000	179.173
403.000	179.896
404.000	180.636
405.000	181.248
406.000	182.068
407.000	182.801
408.000	183.559
409.000	184.070
410.000	184.921
411.000	185.634
412.000	186.362
413.000	187.082
414.000	187.787
415.000	188.550
416.000	189.201
417.000	189.976
418.000	190.716
419.000	191.439
420.000	192.179
421.000	190.290
422.000	191.462
423.000	192.438
424.000	193.172
425.000	194.131
426.000	194.733
427.000	195.433
428.000	196.084
429.000	196.721
430.000	197.520
