# tot_vol, sum_vol, dep_vol, sco_vol, morph_act_area, morph_act_area_dep, morph_act_area_sco, act_width_mean, act_width_mean_dep, act_width_mean_sco, act_thickness, act_thickness_dep, act_thickness_sco, bri
1.355100000000000364e+03 8.519790000000000873e+04 4.327650000000000000e+04 -4.192140000000000146e+04 3.351300000000000000e+04 1.697700000000000000e+04 1.653600000000000000e+04 1.205503597122302182e+02 6.106834532374100633e+01 5.948201438848921185e+01 5.084284938822293043e+00 2.549125287153207076e+00 2.535159651669085523e+00 3.736436592120481404e+00
-1.190799999999999272e+03 8.536100000000000000e+04 4.208510000000000582e+04 -4.327589999999999418e+04 3.347200000000000000e+04 1.671900000000000000e+04 1.675300000000000000e+04 1.204028776978417312e+02 6.014028776978417312e+01 6.026258992805755099e+01 5.100375148780278423e+00 2.517201985764699224e+00 2.583173163015578755e+00 3.868297443366218502e+00
8.570000000000001137e+02 7.542620000000001164e+04 3.814160000000000582e+04 -3.728459999999999854e+04 3.350500000000000000e+04 1.682400000000000000e+04 1.668100000000000000e+04 1.205215827338129486e+02 6.051798561151078815e+01 6.000359712230216047e+01 4.502248394483454597e+00 2.267094626723728190e+00 2.235153767759726406e+00 3.147637008869568209e+00
2.590599999999999454e+03 7.992320000000001164e+04 4.125690000000000146e+04 -3.866629999999999563e+04 3.353900000000000000e+04 1.689100000000000000e+04 1.664800000000000000e+04 1.206438848920863336e+02 6.075899280575539763e+01 5.988489208633093597e+01 4.765116734780606933e+00 2.442537445977147836e+00 2.322579288803459541e+00 3.401364353905410365e+00
2.378000000000002672e+02 7.541919999999999709e+04 3.782850000000000728e+04 -3.759070000000000437e+04 3.353000000000000000e+04 1.656800000000000000e+04 1.696200000000000000e+04 1.206115107913669107e+02 5.959712230215827589e+01 6.101438848920863478e+01 4.499398144123221144e+00 2.283226702076292192e+00 2.216171442046928508e+00 3.225543743393689766e+00
9.568000000000001819e+02 7.504179999999998836e+04 3.799930000000000291e+04 -3.704250000000000000e+04 3.346900000000000000e+04 1.704300000000000000e+04 1.642600000000000000e+04 1.203920863309352569e+02 6.130575539568345533e+01 5.908633093525180158e+01 4.484727174892331192e+00 2.229613330986329078e+00 2.255113843906002558e+00 3.163914762777139345e+00
-1.759000000000000909e+02 6.939830000000000291e+04 3.461119999999999709e+04 -3.478709999999999854e+04 3.352800000000000000e+04 1.690000000000000000e+04 1.662800000000000000e+04 1.206043165467625897e+02 6.079136690647482055e+01 5.981294964028776917e+01 4.140079624729372298e+00 2.048000000000000043e+00 2.092079624729372256e+00 2.988631729083619515e+00
-3.029699999999999818e+03 6.515009999999999854e+04 3.106020000000000437e+04 -3.408990000000000146e+04 3.347600000000000000e+04 1.645800000000000000e+04 1.701800000000000000e+04 1.204172661870503589e+02 5.920143884892086561e+01 6.121582733812949328e+01 3.890407482596433653e+00 1.887240247903755330e+00 2.003167234692678544e+00 2.653445268666164480e+00
7.413999999999999773e+02 6.283959999999999854e+04 3.179050000000000000e+04 -3.104909999999999854e+04 3.341600000000000000e+04 1.687200000000000000e+04 1.654400000000000000e+04 1.202014388489208585e+02 6.069064748201439130e+01 5.951079136690647431e+01 3.760975399136793129e+00 1.884216453295400662e+00 1.876758945841392467e+00 2.675117436883609034e+00
2.152199999999999818e+03 7.205459999999999127e+04 3.710339999999999418e+04 -3.495119999999999709e+04 3.349400000000000000e+04 1.737100000000000000e+04 1.612300000000000000e+04 1.204820143884892047e+02 6.248561151079136522e+01 5.799640287769783953e+01 4.303724360673253813e+00 2.135939209026538332e+00 2.167785151646715480e+00 3.039496333698103570e+00
1.456500000000000000e+03 7.265489999999999418e+04 3.705569999999999709e+04 -3.559919999999999709e+04 3.357600000000000000e+04 1.690700000000000000e+04 1.666900000000000000e+04 1.207769784172661929e+02 6.081654676258992964e+01 5.996043165467625613e+01 4.327390158871576631e+00 2.191737150292778047e+00 2.135653008578798584e+00 3.043782531533904212e+00
-1.568000000000000455e+03 6.537980000000000291e+04 3.190590000000000146e+04 -3.347390000000000146e+04 3.347800000000000000e+04 1.639000000000000000e+04 1.708800000000000000e+04 1.204244604316546798e+02 5.895683453237410276e+01 6.146762589928057707e+01 3.905581387693007223e+00 1.946668700427089727e+00 1.958912687265917718e+00 2.747271495920585060e+00
3.357699999999999818e+03 7.220589999999999418e+04 3.778180000000000291e+04 -3.442409999999999854e+04 3.362200000000000000e+04 1.721300000000000000e+04 1.640900000000000000e+04 1.209424460431654609e+02 6.191726618705035889e+01 5.902517985611510909e+01 4.292836512342548261e+00 2.194957299715331711e+00 2.097879212627216550e+00 3.032334085505616894e+00
-1.272800000000000409e+03 7.147160000000000582e+04 3.509940000000000146e+04 -3.637219999999999709e+04 3.356000000000000000e+04 1.608600000000000000e+04 1.747400000000000000e+04 1.207194244604316538e+02 5.786330935251798735e+01 6.285611510791366641e+01 4.263488282927474060e+00 2.181984334203655340e+00 2.081503948723818276e+00 3.034809153310011443e+00
-6.001000000000001364e+02 6.847750000000000000e+04 3.393869999999999709e+04 -3.453880000000000291e+04 3.352900000000000000e+04 1.666100000000000000e+04 1.686800000000000000e+04 1.206079136690647431e+02 5.993165467625899367e+01 6.067625899280575652e+01 4.084607660605080071e+00 2.037014584958885877e+00 2.047593075646194194e+00 2.856326769873425597e+00
6.903000000000004093e+02 6.770969999999999709e+04 3.420000000000000000e+04 -3.350969999999999709e+04 3.345900000000000000e+04 1.688600000000000000e+04 1.657300000000000000e+04 1.203561151079136664e+02 6.074100719424460237e+01 5.961510791366906403e+01 4.047291773608732157e+00 2.025346440838564632e+00 2.021945332770167969e+00 2.859456744727041588e+00
