Cross-sections Rees
1	1420	1
0.00	360.00	30
0.50	342.10	30
1.00	342.08	30
1.50	342.03	30
2.00	341.99	30
2.50	341.93	30
3.00	341.93	30
3.50	341.93	30
4.00	342.01	30
4.50	342.00	30
5.00	341.88	30
5.50	341.61	30
6.00	341.39	30
6.50	341.16	30
7.00	341.08	30
7.50	341.10	30
8.00	341.10	30
8.50	341.11	30
9.00	341.11	30
9.50	341.12	30
10.00	341.12	30
10.50	341.10	30
11.00	341.10	30
11.50	341.10	30
12.00	341.08	30
12.50	341.09	30
13.00	341.12	30
13.50	341.13	30
14.00	341.16	30
14.50	341.16	30
15.00	341.20	30
15.50	341.24	30
16.00	341.26	30
16.50	341.31	30
17.00	341.31	30
17.50	341.33	30
18.00	341.36	30
18.50	341.39	30
19.00	341.38	30
19.50	341.37	30
20.00	341.33	30
20.50	341.31	30
21.00	341.32	30
21.50	341.31	30
22.00	341.31	30
22.50	341.32	30
23.00	341.32	30
23.50	341.35	30
24.00	341.39	30
24.50	341.39	30
25.00	341.39	30
25.50	341.38	30
26.00	341.37	30
26.50	341.37	30
27.00	341.37	30
27.50	341.35	30
28.00	341.27	30
28.50	341.27	30
29.00	341.20	30
29.50	341.25	30
30.00	341.27	30
30.50	341.37	30
31.00	341.37	30
31.50	341.40	30
32.00	341.40	30
32.50	341.41	30
33.00	341.39	30
33.50	341.39	30
34.00	341.37	30
34.50	341.36	30
35.00	341.36	30
35.50	341.39	30
36.00	341.38	30
36.50	341.38	30
37.00	341.40	30
37.50	341.41	30
38.00	341.41	30
38.50	341.40	30
39.00	341.39	30
39.50	341.39	30
40.00	341.39	30
40.50	341.40	30
41.00	341.36	30
41.50	341.39	30
42.00	341.39	30
42.50	341.38	30
43.00	341.38	30
43.50	341.39	30
44.00	341.39	30
44.50	341.39	30
45.00	341.39	30
45.50	341.40	30
46.00	341.50	30
46.50	341.54	30
47.00	341.59	30
47.50	341.59	30
48.00	341.59	30
48.50	341.58	30
49.00	341.56	30
49.50	341.55	30
50.00	341.55	30
50.50	341.55	30
51.00	341.57	30
51.50	341.57	30
52.00	341.57	30
52.50	341.57	30
53.00	341.58	30
53.50	341.59	30
54.00	341.59	30
54.50	341.59	30
55.00	341.54	30
55.50	341.54	30
56.00	341.51	30
56.50	341.16	30
57.00	341.10	30
57.50	341.08	30
58.00	341.06	30
58.50	341.06	30
59.00	341.06	30
59.50	341.01	30
60.00	340.98	30
60.50	340.96	30
61.00	340.94	30
61.50	340.94	30
62.00	340.88	30
62.50	340.86	30
63.00	340.80	30
63.50	340.85	30
64.00	340.85	30
64.50	340.91	30
65.00	340.94	30
65.50	340.98	30
66.00	341.02	30
66.50	341.02	30
67.00	341.02	30
67.50	341.06	30
68.00	341.11	30
68.50	341.13	30
69.00	341.16	30
69.50	341.16	30
70.00	341.20	30
70.50	341.22	30
71.00	341.24	30
71.50	341.30	30
72.00	341.30	30
72.50	341.31	30
73.00	341.31	30
73.50	341.30	30
74.00	341.32	30
74.50	341.33	30
75.00	341.33	30
75.50	341.35	30
76.00	341.36	30
76.50	341.38	30
77.00	341.39	30
77.50	341.38	30
78.00	341.38	30
78.50	341.37	30
79.00	341.37	30
79.50	341.36	30
80.00	341.35	30
80.50	341.35	30
81.00	341.35	30
81.50	341.35	30
82.00	341.35	30
82.50	341.35	30
83.00	341.35	30
83.50	341.34	30
84.00	341.34	30
84.50	341.34	30
85.00	341.34	30
85.50	341.34	30
86.00	341.34	30
86.50	341.34	30
87.00	341.33	30
87.50	341.33	30
88.00	341.33	30
88.50	341.33	30
89.00	341.33	30
89.50	341.33	30
90.00	341.33	30
90.50	341.32	30
91.00	341.32	30
91.50	341.32	30
92.00	341.32	30
92.50	341.32	30
93.00	341.32	30
93.50	341.31	30
94.00	341.31	30
94.50	341.31	30
95.00	341.31	30
95.50	341.32	30
96.00	341.31	30
96.50	341.32	30
97.00	341.32	30
97.50	341.31	30
98.00	341.31	30
98.50	341.31	30
99.00	341.31	30
99.50	341.31	30
100.00	341.31	30
100.50	341.31	30
101.00	341.31	30
101.50	341.32	30
102.00	341.31	30
102.50	341.32	30
103.00	341.31	30
103.50	341.31	30
104.00	341.31	30
104.50	341.31	30
105.00	341.32	30
105.50	341.31	30
106.00	341.31	30
106.50	341.30	30
107.00	341.29	30
107.50	341.29	30
108.00	341.28	30
108.50	341.28	30
109.00	341.28	30
109.50	341.27	30
110.00	341.27	30
110.50	341.26	30
111.00	341.26	30
111.50	341.25	30
112.00	341.25	30
112.50	341.25	30
113.00	341.24	30
113.50	341.23	30
114.00	341.23	30
114.50	341.24	30
115.00	341.27	30
115.50	341.27	30
116.00	341.35	30
116.50	341.35	30
117.00	341.39	30
117.50	341.43	30
118.00	341.46	30
118.50	341.51	30
119.00	341.50	30
119.50	341.55	30
120.00	341.56	30
120.50	341.59	30
121.00	341.63	30
121.50	341.63	30
122.00	341.63	30
122.50	341.63	30
123.00	341.62	30
123.50	341.62	30
124.00	341.62	30
124.50	341.61	30
125.00	341.61	30
125.50	341.61	30
126.00	341.61	30
126.50	341.60	30
127.00	341.60	30
127.50	341.62	30
128.00	341.62	30
128.50	341.64	30
129.00	341.62	30
129.50	341.62	30
130.00	341.59	30
130.50	341.56	30
131.00	341.55	30
131.50	341.50	30
132.00	341.50	30
132.50	341.50	30
133.00	341.50	30
133.50	341.49	30
134.00	341.50	30
134.50	341.34	30
135.00	341.29	30
135.50	341.31	30
136.00	341.31	30
136.50	341.33	30
137.00	341.37	30
137.50	341.37	30
138.00	341.39	30
138.50	341.40	30
139.00	341.40	30
139.50	341.39	30
140.00	341.41	30
140.50	341.46	30
141.00	341.51	30
141.50	341.51	30
142.00	341.52	30
142.50	341.56	30
143.00	341.55	30
143.50	341.57	30
144.00	341.59	30
144.50	341.59	30
145.00	341.61	30
145.50	341.63	30
146.00	341.62	30
146.50	341.59	30
147.00	341.59	30
147.50	341.59	30
148.00	341.58	30
148.50	341.58	30
149.00	341.56	30
149.50	341.56	30
150.00	341.56	30
150.50	341.55	30
151.00	341.51	30
151.50	341.42	30
152.00	341.35	30
152.50	341.34	30
153.00	341.33	30
153.50	341.39	30
154.00	341.39	30
154.50	341.45	30
155.00	341.46	30
155.50	341.46	30
156.00	341.46	30
156.50	341.46	30
157.00	341.47	30
157.50	341.46	30
158.00	341.46	30
158.50	341.46	30
159.00	341.49	30
159.50	341.49	30
160.00	341.47	30
160.50	341.48	30
161.00	341.48	30
161.50	341.48	30
162.00	341.48	30
162.50	341.49	30
163.00	341.50	30
163.50	341.50	30
164.00	341.50	30
164.50	341.50	30
165.00	341.53	30
165.50	341.51	30
166.00	341.45	30
166.50	341.46	30
167.00	341.44	30
167.50	341.43	30
168.00	341.30	30
168.50	341.24	30
169.00	341.27	30
169.50	341.29	30
170.00	341.30	30
170.50	341.35	30
171.00	341.37	30
171.50	341.35	30
172.00	341.35	30
172.50	341.39	30
173.00	341.41	30
173.50	341.43	30
174.00	341.44	30
174.50	341.44	30
175.00	341.48	30
175.50	341.48	30
176.00	341.49	30
176.50	341.51	30
177.00	341.52	30
177.50	341.52	30
178.00	341.51	30
178.50	341.48	30
179.00	341.47	30
179.50	341.46	30
180.00	341.46	30
180.50	341.47	30
181.00	341.47	30
181.50	341.48	30
182.00	341.48	30
182.50	341.49	30
183.00	341.50	30
183.50	341.50	30
184.00	341.52	30
184.50	341.53	30
185.00	341.53	30
185.50	341.54	30
186.00	341.54	30
186.50	341.55	30
187.00	341.56	30
187.50	341.57	30
188.00	341.57	30
188.50	341.58	30
189.00	341.62	30
189.50	341.63	30
190.00	341.65	30
190.50	341.65	30
191.00	341.67	30
191.50	341.67	30
192.00	341.68	30
192.50	341.66	30
193.00	341.67	30
193.50	341.66	30
194.00	341.66	30
194.50	341.67	30
195.00	341.68	30
195.50	341.66	30
196.00	341.64	30
196.50	341.63	30
197.00	341.61	30
197.50	341.61	30
198.00	341.63	30
198.50	341.63	30
199.00	341.65	30
199.50	341.64	30
200.00	341.65	30
200.50	341.66	30
201.00	341.66	30
201.50	341.68	30
202.00	341.68	30
202.50	341.68	30
203.00	341.67	30
203.50	341.67	30
204.00	341.68	30
204.50	341.68	30
205.00	341.70	30
205.50	341.71	30
206.00	341.73	30
206.50	341.75	30
207.00	341.77	30
207.50	341.79	30
208.00	341.79	30
208.50	341.81	30
209.00	341.91	30
209.50	341.94	30
210.00	341.93	30
210.50	341.93	30
211.00	341.88	30
211.50	341.90	30
212.00	341.89	30
212.50	341.82	30
213.00	341.80	30
213.50	341.80	30
214.00	341.80	30
214.50	341.78	30
215.00	341.78	30
215.50	341.75	30
216.00	341.74	30
216.50	341.71	30
217.00	341.67	30
217.50	341.65	30
218.00	341.60	30
218.50	341.44	30
219.00	341.35	30
219.50	341.21	30
220.00	341.07	30
220.50	341.09	30
221.00	341.10	30
221.50	341.11	30
222.00	341.11	30
222.50	341.15	30
223.00	341.34	30
223.50	341.26	30
224.00	341.35	30
224.50	341.35	30
225.00	341.35	30
225.50	341.39	30
226.00	341.41	30
226.50	341.44	30
227.00	341.45	30
227.50	341.46	30
228.00	341.48	30
228.50	341.50	30
229.00	341.50	30
229.50	341.51	30
230.00	341.47	30
230.50	341.47	30
231.00	341.25	30
231.50	341.09	30
232.00	340.98	30
232.50	341.10	30
233.00	341.10	30
233.50	341.16	30
234.00	341.19	30
234.50	341.22	30
235.00	341.23	30
235.50	341.24	30
236.00	341.25	30
236.50	341.28	30
237.00	341.29	30
237.50	341.30	30
238.00	341.32	30
238.50	341.32	30
239.00	341.33	30
239.50	341.33	30
240.00	341.34	30
240.50	341.34	30
241.00	341.34	30
241.50	341.34	30
242.00	341.34	30
242.50	341.34	30
243.00	341.35	30
243.50	341.35	30
244.00	341.35	30
244.50	341.35	30
245.00	341.35	30
245.50	341.36	30
246.00	341.36	30
246.50	341.37	30
247.00	341.38	30
247.50	341.40	30
248.00	341.41	30
248.50	341.43	30
249.00	341.45	30
249.50	341.46	30
250.00	341.48	30
250.50	341.50	30
251.00	341.53	30
251.50	341.53	30
252.00	341.53	30
252.50	341.56	30
253.00	341.55	30
253.50	341.46	30
254.00	341.42	30
254.50	341.39	30
255.00	341.39	30
255.50	341.43	30
256.00	341.54	30
256.50	341.52	30
257.00	341.47	30
257.50	341.47	30
258.00	341.39	30
258.50	341.37	30
259.00	341.10	30
259.50	341.10	30
260.00	341.10	30
260.50	341.10	30
261.00	341.11	30
261.50	341.16	30
262.00	341.13	30
262.50	341.17	30
263.00	341.17	30
263.50	341.28	30
264.00	341.34	30
264.50	341.36	30
265.00	341.43	30
265.50	341.41	30
266.00	341.23	30
266.50	341.18	30
267.00	341.18	30
267.50	341.18	30
268.00	341.18	30
268.50	341.18	30
269.00	341.18	30
269.50	341.18	30
270.00	341.18	30
270.50	341.18	30
271.00	341.18	30
271.50	341.18	30
272.00	341.18	30
272.50	341.15	30
273.00	341.18	30
273.50	341.22	30
274.00	341.23	30
274.50	341.25	30
275.00	341.26	30
275.50	341.32	30
276.00	341.33	30
276.50	341.33	30
277.00	341.40	30
277.50	341.42	30
278.00	341.41	30
278.50	341.42	30
279.00	341.43	30
279.50	341.46	30
280.00	341.46	30
280.50	341.48	30
281.00	341.49	30
281.50	341.50	30
282.00	341.50	30
282.50	341.50	30
283.00	341.50	30
283.50	341.51	30
284.00	341.50	30
284.50	341.50	30
285.00	341.47	30
285.50	341.47	30
286.00	341.45	30
286.50	341.44	30
287.00	341.42	30
287.50	341.40	30
288.00	341.40	30
288.50	341.23	30
289.00	341.23	30
289.50	341.22	30
290.00	341.22	30
290.50	341.22	30
291.00	341.22	30
291.50	341.22	30
292.00	341.22	30
292.50	341.22	30
293.00	341.22	30
293.50	341.22	30
294.00	341.22	30
294.50	341.22	30
295.00	341.26	30
295.50	341.25	30
296.00	341.26	30
296.50	341.28	30
297.00	341.32	30
297.50	341.33	30
298.00	341.29	30
298.50	341.27	30
299.00	341.27	30
299.50	341.18	30
300.00	340.85	30
300.50	340.83	30
301.00	340.83	30
301.50	340.82	30
302.00	340.82	30
302.50	340.77	30
303.00	341.11	30
303.50	341.30	30
304.00	341.39	30
304.50	341.39	30
305.00	341.55	30
305.50	341.56	30
306.00	341.58	30
306.50	341.58	30
307.00	341.58	30
307.50	341.58	30
308.00	341.57	30
308.50	341.58	30
309.00	341.58	30
309.50	341.58	30
310.00	341.58	30
310.50	341.52	30
311.00	341.54	30
311.50	341.53	30
312.00	341.51	30
312.50	341.49	30
313.00	341.48	30
313.50	341.46	30
314.00	341.48	30
314.50	341.48	30
315.00	341.49	30
315.50	341.51	30
316.00	341.51	30
316.50	341.52	30
317.00	341.52	30
317.50	341.54	30
318.00	341.57	30
318.50	341.57	30
319.00	341.58	30
319.50	341.59	30
320.00	341.61	30
320.50	341.61	30
321.00	341.62	30
321.50	341.62	30
322.00	341.62	30
322.50	341.62	30
323.00	341.63	30
323.50	341.63	30
324.00	341.63	30
324.50	341.63	30
325.00	341.62	30
325.50	341.61	30
326.00	341.60	30
326.50	341.61	30
327.00	341.59	30
327.50	341.61	30
328.00	341.61	30
328.50	341.61	30
329.00	341.62	30
329.50	341.62	30
330.00	341.59	30
330.50	341.56	30
331.00	341.52	30
331.50	341.51	30
332.00	341.53	30
332.50	341.53	30
333.00	341.56	30
333.50	341.56	30
334.00	341.58	30
334.50	341.59	30
335.00	341.59	30
335.50	341.59	30
336.00	341.59	30
336.50	341.59	30
337.00	341.59	30
337.50	341.61	30
338.00	341.61	30
338.50	341.62	30
339.00	341.61	30
339.50	341.61	30
340.00	341.61	30
340.50	341.61	30
341.00	341.64	30
341.50	341.64	30
342.00	341.67	30
342.50	341.63	30
343.00	341.62	30
343.50	341.60	30
344.00	341.60	30
344.50	341.61	30
345.00	341.58	30
345.50	341.57	30
346.00	341.57	30
346.50	341.56	30
347.00	341.56	30
347.50	341.55	30
348.00	341.53	30
348.50	341.54	30
349.00	341.54	30
349.50	341.54	30
350.00	341.54	30
350.50	341.54	30
351.00	341.55	30
351.50	341.54	30
352.00	341.55	30
352.50	341.56	30
353.00	341.56	30
353.50	341.57	30
354.00	341.58	30
354.50	341.58	30
355.00	341.58	30
355.50	341.58	30
356.00	341.60	30
356.50	341.57	30
357.00	341.57	30
357.50	341.57	30
358.00	341.56	30
358.50	341.54	30
359.00	341.52	30
359.50	341.50	30
360.00	341.48	30
360.50	341.41	30
361.00	341.23	30
361.50	341.13	30
362.00	341.14	30
362.50	341.18	30
363.00	341.18	30
363.50	341.20	30
364.00	341.21	30
364.50	341.23	30
365.00	341.23	30
365.50	341.23	30
366.00	341.23	30
366.50	341.23	30
367.00	341.22	30
367.50	341.22	30
368.00	341.21	30
368.50	341.21	30
369.00	341.20	30
369.50	341.22	30
370.00	341.25	30
370.50	341.31	30
371.00	341.31	30
371.50	341.34	30
372.00	341.36	30
372.50	341.37	30
373.00	341.39	30
373.50	341.40	30
374.00	341.49	30
374.50	341.51	30
375.00	341.51	30
375.50	341.49	30
376.00	341.49	30
376.50	341.49	30
377.00	341.52	30
377.50	341.52	30
378.00	341.51	30
378.50	341.52	30
379.00	341.55	30
379.50	341.55	30
380.00	341.58	30
380.50	341.59	30
381.00	341.59	30
381.50	341.60	30
382.00	341.60	30
382.50	341.61	30
383.00	341.61	30
383.50	341.65	30
384.00	341.66	30
384.50	341.62	30
385.00	341.62	30
385.50	341.54	30
386.00	340.93	30
386.50	340.86	30
387.00	340.67	30
387.50	340.67	30
388.00	340.51	30
388.50	340.51	30
389.00	340.53	30
389.50	340.62	30
390.00	340.64	30
390.50	340.66	30
391.00	340.68	30
391.50	340.81	30
392.00	340.88	30
392.50	340.93	30
393.00	340.97	30
393.50	340.97	30
394.00	341.12	30
394.50	341.14	30
395.00	341.14	30
395.50	341.15	30
396.00	341.16	30
396.50	341.17	30
397.00	341.15	30
397.50	341.10	30
398.00	341.08	30
398.50	341.01	30
399.00	340.92	30
399.50	340.91	30
400.00	340.91	30
400.50	340.91	30
401.00	340.91	30
401.50	340.91	30
402.00	341.07	30
402.50	341.14	30
403.00	341.15	30
403.50	341.21	30
404.00	341.21	30
404.50	341.24	30
405.00	341.24	30
405.50	341.28	30
406.00	341.31	30
406.50	341.30	30
407.00	341.33	30
407.50	341.34	30
408.00	341.34	30
408.50	341.34	30
409.00	341.37	30
409.50	341.41	30
410.00	341.41	30
410.50	341.39	30
411.00	341.39	30
411.50	341.38	30
412.00	341.39	30
412.50	341.40	30
413.00	341.45	30
413.50	341.47	30
414.00	341.50	30
414.50	341.52	30
415.00	341.55	30
415.50	341.55	30
416.00	341.56	30
416.50	341.53	30
417.00	341.52	30
417.50	341.46	30
418.00	341.46	30
418.50	341.43	30
419.00	341.40	30
419.50	341.37	30
420.00	341.34	30
420.50	341.34	30
421.00	341.30	30
421.50	341.27	30
422.00	341.24	30
422.50	341.23	30
423.00	341.26	30
423.50	341.26	30
424.00	341.27	30
424.50	341.28	30
425.00	341.28	30
425.50	341.36	30
426.00	341.36	30
426.50	341.46	30
427.00	341.55	30
427.50	341.56	30
428.00	341.61	30
428.50	341.62	30
429.00	341.64	30
429.50	341.66	30
430.00	341.66	30
430.50	341.66	30
431.00	341.65	30
431.50	341.65	30
432.00	341.65	30
432.50	341.65	30
433.00	341.64	30
433.50	341.67	30
434.00	341.67	30
434.50	341.67	30
435.00	341.68	30
435.50	341.68	30
436.00	341.68	30
436.50	341.69	30
437.00	341.69	30
437.50	341.69	30
438.00	341.65	30
438.50	341.60	30
439.00	341.57	30
439.50	341.53	30
440.00	341.52	30
440.50	341.47	30
441.00	341.34	30
441.50	341.29	30
442.00	341.20	30
442.50	341.20	30
443.00	341.20	30
443.50	341.22	30
444.00	341.21	30
444.50	341.18	30
445.00	341.20	30
445.50	341.21	30
446.00	341.27	30
446.50	341.31	30
447.00	341.35	30
447.50	341.39	30
448.00	341.41	30
448.50	341.41	30
449.00	341.41	30
449.50	341.43	30
450.00	341.44	30
450.50	341.43	30
451.00	341.43	30
451.50	341.46	30
452.00	341.49	30
452.50	341.50	30
453.00	341.53	30
453.50	341.53	30
454.00	341.53	30
454.50	341.54	30
455.00	341.56	30
455.50	341.57	30
456.00	341.56	30
456.50	341.57	30
457.00	341.58	30
457.50	341.62	30
458.00	341.63	30
458.50	341.68	30
459.00	341.68	30
459.50	341.67	30
460.00	341.67	30
460.50	341.65	30
461.00	341.64	30
461.50	341.63	30
462.00	341.62	30
462.50	341.62	30
463.00	341.61	30
463.50	341.61	30
464.00	341.61	30
464.50	341.61	30
465.00	341.61	30
465.50	341.60	30
466.00	341.59	30
466.50	341.59	30
467.00	341.56	30
467.50	341.54	30
468.00	341.53	30
468.50	341.55	30
469.00	341.55	30
469.50	341.55	30
470.00	341.52	30
470.50	341.52	30
471.00	341.51	30
471.50	341.51	30
472.00	341.48	30
472.50	341.44	30
473.00	341.37	30
473.50	341.36	30
474.00	341.23	30
474.50	341.16	30
475.00	341.12	30
475.50	341.02	30
476.00	340.65	30
476.50	340.57	30
477.00	340.45	30
477.50	340.41	30
478.00	340.38	30
478.50	340.36	30
479.00	340.36	30
479.50	340.34	30
480.00	340.34	30
480.50	340.28	30
481.00	340.19	30
481.50	340.19	30
482.00	340.06	30
482.50	340.07	30
483.00	340.12	30
483.50	340.15	30
484.00	340.15	30
484.50	340.17	30
485.00	340.24	30
485.50	340.27	30
486.00	340.27	30
486.50	340.33	30
487.00	340.33	30
487.50	340.45	30
488.00	340.55	30
488.50	340.56	30
489.00	340.95	30
489.50	340.95	30
490.00	340.95	30
490.50	340.95	30
491.00	340.95	30
491.50	340.94	30
492.00	340.94	30
492.50	340.95	30
493.00	340.95	30
493.50	340.98	30
494.00	340.98	30
494.50	341.00	30
495.00	341.00	30
495.50	341.00	30
496.00	341.04	30
496.50	341.06	30
497.00	341.05	30
497.50	341.08	30
498.00	341.08	30
498.50	341.08	30
499.00	341.10	30
499.50	341.12	30
500.00	341.14	30
500.50	341.16	30
501.00	341.16	30
501.50	341.18	30
502.00	341.21	30
502.50	341.21	30
503.00	341.25	30
503.50	341.27	30
504.00	341.27	30
504.50	341.30	30
505.00	341.33	30
505.50	341.33	30
506.00	341.34	30
506.50	341.35	30
507.00	341.36	30
507.50	341.37	30
508.00	341.37	30
508.50	341.39	30
509.00	341.40	30
509.50	341.40	30
510.00	341.39	30
510.50	341.40	30
511.00	341.40	30
511.50	341.40	30
512.00	341.40	30
512.50	341.39	30
513.00	341.39	30
513.50	341.38	30
514.00	341.39	30
514.50	341.39	30
515.00	341.39	30
515.50	341.39	30
516.00	341.39	30
516.50	341.38	30
517.00	341.38	30
517.50	341.38	30
518.00	341.37	30
518.50	341.37	30
519.00	341.37	30
519.50	341.36	30
520.00	341.35	30
520.50	341.35	30
521.00	341.33	30
521.50	341.32	30
522.00	341.31	30
522.50	341.31	30
523.00	341.30	30
523.50	341.29	30
524.00	341.26	30
524.50	341.26	30
525.00	341.25	30
525.50	341.20	30
526.00	341.20	30
526.50	341.20	30
527.00	341.21	30
527.50	341.18	30
528.00	341.17	30
528.50	341.14	30
529.00	341.13	30
529.50	341.13	30
530.00	341.07	30
530.50	341.12	30
531.00	341.01	30
531.50	340.96	30
532.00	340.95	30
532.50	340.88	30
533.00	340.88	30
533.50	340.82	30
534.00	340.82	30
534.50	340.82	30
535.00	340.80	30
535.50	340.80	30
536.00	340.83	30
536.50	340.85	30
537.00	340.83	30
537.50	340.84	30
538.00	340.84	30
538.50	340.85	30
539.00	340.88	30
539.50	340.87	30
540.00	340.94	30
540.50	341.06	30
541.00	341.06	30
541.50	341.43	30
542.00	341.41	30
542.50	341.41	30
543.00	341.40	30
543.50	341.40	30
544.00	341.39	30
544.50	341.39	30
545.00	341.39	30
545.50	341.37	30
546.00	341.37	30
546.50	341.38	30
547.00	341.37	30
547.50	341.34	30
548.00	341.34	30
548.50	341.35	30
549.00	341.33	30
549.50	341.31	30
550.00	341.31	30
550.50	341.30	30
551.00	341.30	30
551.50	341.30	30
552.00	341.29	30
552.50	341.28	30
553.00	341.26	30
553.50	341.25	30
554.00	341.22	30
554.50	341.14	30
555.00	341.01	30
555.50	340.94	30
556.00	340.91	30
556.50	340.91	30
557.00	340.88	30
557.50	340.85	30
558.00	340.82	30
558.50	340.78	30
559.00	340.78	30
559.50	340.71	30
560.00	340.67	30
560.50	340.66	30
561.00	340.68	30
561.50	340.74	30
562.00	340.74	30
562.50	340.75	30
563.00	340.92	30
563.50	340.95	30
564.00	341.02	30
564.50	341.02	30
565.00	341.10	30
565.50	341.11	30
566.00	341.12	30
566.50	341.17	30
567.00	341.18	30
567.50	341.18	30
568.00	341.18	30
568.50	341.23	30
569.00	341.21	30
569.50	341.22	30
570.00	341.21	30
570.50	341.23	30
571.00	341.24	30
571.50	341.25	30
572.00	341.26	30
572.50	341.25	30
573.00	341.25	30
573.50	341.25	30
574.00	341.26	30
574.50	341.27	30
575.00	341.27	30
575.50	341.26	30
576.00	341.25	30
576.50	341.25	30
577.00	341.26	30
577.50	341.25	30
578.00	341.23	30
578.50	341.23	30
579.00	341.22	30
579.50	341.19	30
580.00	341.18	30
580.50	341.18	30
581.00	341.18	30
581.50	341.18	30
582.00	341.18	30
582.50	341.16	30
583.00	341.00	30
583.50	341.00	30
584.00	340.95	30
584.50	340.95	30
585.00	340.94	30
585.50	341.00	30
586.00	341.03	30
586.50	341.09	30
587.00	341.13	30
587.50	341.38	30
588.00	341.76	30
588.50	342.08	30
589.00	342.04	30
589.50	342.04	30
590.00	341.92	30
590.50	341.83	30
591.00	341.81	30
591.50	341.80	30
592.00	341.83	30
592.50	341.86	30
593.00	342.03	30
593.50	341.87	30
594.00	341.86	30
594.50	342.04	30
595.00	342.04	30
595.50	342.04	30
596.00	342.03	30
596.50	341.94	30
597.00	341.89	30
597.50	341.93	30
598.00	341.98	30
598.50	341.94	30
599.00	341.94	30
599.50	341.84	30
600.00	341.85	30
600.50	341.89	30
601.00	341.89	30
601.50	341.89	30
602.00	341.93	30
602.50	341.93	30
603.00	341.95	30
603.50	341.95	30
604.00	341.85	30
604.50	341.92	30
605.00	341.91	30
605.50	341.91	30
606.00	341.91	30
606.50	341.82	30
607.00	341.95	30
607.50	341.86	30
608.00	341.84	30
608.50	341.95	30
609.00	341.95	30
609.50	341.95	30
610.00	341.87	30
610.50	341.85	30
611.00	342.10	30
611.50	342.10	30
612.00	342.16	30
612.50	342.17	30
613.00	342.16	30
613.50	342.16	30
614.00	342.11	30
614.50	342.05	30
615.00	342.07	30
615.50	342.05	30
616.00	342.06	30
616.50	342.04	30
617.00	342.00	30
617.50	342.00	30
618.00	342.02	30
618.50	342.03	30
619.00	341.96	30
619.50	341.97	30
620.00	341.93	30
620.50	341.95	30
621.00	341.95	30
621.50	341.92	30
622.00	341.92	30
622.50	341.91	30
623.00	341.91	30
623.50	341.91	30
624.00	341.91	30
624.50	341.92	30
625.00	341.93	30
625.50	341.93	30
626.00	341.94	30
626.50	341.96	30
627.00	341.96	30
627.50	341.92	30
628.00	341.92	30
628.50	341.89	30
629.00	341.92	30
629.50	341.90	30
630.00	341.90	30
630.50	341.90	30
631.00	341.89	30
631.50	341.89	30
632.00	342.01	30
632.50	341.97	30
633.00	341.88	30
633.50	341.88	30
634.00	341.89	30
634.50	341.90	30
635.00	341.93	30
635.50	341.93	30
636.00	341.90	30
636.50	341.89	30
637.00	341.86	30
637.50	341.83	30
638.00	341.85	30
638.50	341.85	30
639.00	341.78	30
639.50	341.70	30
640.00	341.65	30
640.50	341.54	30
641.00	341.50	30
641.50	341.47	30
642.00	341.47	30
642.50	341.14	30
643.00	341.04	30
643.50	341.17	30
644.00	341.07	30
644.50	340.99	30
645.00	340.85	30
645.50	341.01	30
646.00	340.90	30
646.50	340.80	30
647.00	340.78	30
647.50	340.83	30
648.00	340.88	30
648.50	340.90	30
649.00	340.84	30
649.50	340.84	30
650.00	341.14	30
650.50	341.07	30
651.00	341.16	30
651.50	341.06	30
652.00	341.11	30
652.50	341.03	30
653.00	341.18	30
653.50	341.10	30
654.00	341.23	30
654.50	341.57	30
655.00	341.57	30
655.50	341.96	30
656.00	341.96	30
656.50	341.87	30
657.00	341.55	30
657.50	341.06	30
658.00	341.32	30
658.50	341.32	30
659.00	341.25	30
659.50	341.32	30
660.00	341.38	30
660.50	341.38	30
661.00	341.30	30
661.50	341.17	30
662.00	341.22	30
662.50	341.18	30
663.00	341.18	30
663.50	341.27	30
664.00	341.32	30
664.50	341.31	30
665.00	341.30	30
665.50	341.29	30
666.00	341.31	30
666.50	341.30	30
667.00	341.30	30
667.50	341.31	30
668.00	341.30	30
668.50	341.23	30
669.00	341.18	30
669.50	341.18	30
670.00	341.20	30
670.50	341.21	30
671.00	341.17	30
671.50	341.17	30
672.00	341.20	30
672.50	341.20	30
673.00	341.27	30
673.50	341.27	30
674.00	341.26	30
674.50	341.47	30
675.00	341.47	30
675.50	341.46	30
676.00	341.48	30
676.50	341.60	30
677.00	341.60	30
677.50	341.32	30
678.00	341.32	30
678.50	341.23	30
679.00	341.19	30
679.50	341.17	30
680.00	341.15	30
680.50	341.15	30
681.00	341.19	30
681.50	341.00	30
682.00	341.04	30
682.50	341.07	30
683.00	341.14	30
683.50	341.13	30
684.00	341.10	30
684.50	341.19	30
685.00	341.25	30
685.50	341.26	30
686.00	341.53	30
686.50	341.53	30
687.00	341.30	30
687.50	341.39	30
688.00	341.40	30
688.50	341.35	30
689.00	341.35	30
689.50	341.30	30
690.00	341.45	30
690.50	341.49	30
691.00	341.41	30
691.50	341.33	30
692.00	341.41	30
692.50	341.36	30
693.00	341.24	30
693.50	341.24	30
694.00	341.22	30
694.50	341.22	30
695.00	341.25	30
695.50	341.05	30
696.00	340.89	30
696.50	341.05	30
697.00	341.15	30
697.50	341.19	30
698.00	341.21	30
698.50	341.21	30
699.00	341.28	30
699.50	341.30	30
700.00	341.27	30
700.50	341.27	30
701.00	341.22	30
701.50	341.39	30
702.00	341.23	30
702.50	341.16	30
703.00	341.16	30
703.50	340.84	30
704.00	340.84	30
704.50	341.03	30
705.00	341.44	30
705.50	341.44	30
706.00	341.67	30
706.50	341.71	30
707.00	341.84	30
707.50	341.85	30
708.00	341.88	30
708.50	341.88	30
709.00	341.90	30
709.50	360.00	30
