Cross-sections Rees
1	466	1
0.00	360.00	30
0.50	333.62	30
1.00	333.62	30
1.50	333.59	30
2.00	333.43	30
2.50	333.25	30
3.00	333.24	30
3.50	333.30	30
4.00	333.32	30
4.50	333.33	30
5.00	333.34	30
5.50	333.33	30
6.00	333.38	30
6.50	333.42	30
7.00	333.56	30
7.50	333.59	30
8.00	333.61	30
8.50	333.62	30
9.00	333.55	30
9.50	333.54	30
10.00	333.54	30
10.50	333.54	30
11.00	333.56	30
11.50	333.58	30
12.00	333.58	30
12.50	333.49	30
13.00	333.49	30
13.50	333.46	30
14.00	333.48	30
14.50	333.53	30
15.00	333.54	30
15.50	333.54	30
16.00	333.57	30
16.50	333.60	30
17.00	333.63	30
17.50	333.63	30
18.00	333.73	30
18.50	333.76	30
19.00	333.77	30
19.50	333.78	30
20.00	333.78	30
20.50	333.78	30
21.00	333.78	30
21.50	333.79	30
22.00	333.78	30
22.50	333.78	30
23.00	333.77	30
23.50	333.77	30
24.00	333.77	30
24.50	333.77	30
25.00	333.78	30
25.50	333.77	30
26.00	333.76	30
26.50	333.75	30
27.00	333.75	30
27.50	333.73	30
28.00	333.72	30
28.50	333.72	30
29.00	333.70	30
29.50	333.70	30
30.00	333.65	30
30.50	333.62	30
31.00	333.58	30
31.50	333.53	30
32.00	333.53	30
32.50	333.40	30
33.00	333.39	30
33.50	333.38	30
34.00	333.08	30
34.50	333.02	30
35.00	332.97	30
35.50	332.96	30
36.00	332.96	30
36.50	332.92	30
37.00	332.90	30
37.50	332.90	30
38.00	332.85	30
38.50	332.86	30
39.00	332.86	30
39.50	332.90	30
40.00	332.96	30
40.50	332.97	30
41.00	332.99	30
41.50	333.39	30
42.00	333.44	30
42.50	333.49	30
43.00	333.63	30
43.50	333.63	30
44.00	333.70	30
44.50	333.70	30
45.00	333.79	30
45.50	333.92	30
46.00	333.92	30
46.50	333.95	30
47.00	333.96	30
47.50	333.99	30
48.00	333.99	30
48.50	333.98	30
49.00	333.99	30
49.50	333.99	30
50.00	333.99	30
50.50	333.98	30
51.00	333.97	30
51.50	333.97	30
52.00	333.99	30
52.50	333.98	30
53.00	333.99	30
53.50	333.99	30
54.00	333.98	30
54.50	333.98	30
55.00	333.95	30
55.50	333.92	30
56.00	333.92	30
56.50	333.94	30
57.00	333.95	30
57.50	333.96	30
58.00	333.97	30
58.50	333.97	30
59.00	333.98	30
59.50	333.95	30
60.00	333.95	30
60.50	333.91	30
61.00	333.91	30
61.50	333.86	30
62.00	333.86	30
62.50	333.86	30
63.00	333.89	30
63.50	333.93	30
64.00	333.98	30
64.50	333.99	30
65.00	333.98	30
65.50	333.96	30
66.00	333.95	30
66.50	333.92	30
67.00	333.97	30
67.50	333.98	30
68.00	333.98	30
68.50	333.99	30
69.00	334.01	30
69.50	334.02	30
70.00	334.04	30
70.50	334.05	30
71.00	334.04	30
71.50	334.05	30
72.00	334.04	30
72.50	334.01	30
73.00	334.01	30
73.50	333.99	30
74.00	333.98	30
74.50	333.96	30
75.00	333.93	30
75.50	333.88	30
76.00	333.76	30
76.50	333.76	30
77.00	333.71	30
77.50	333.71	30
78.00	333.62	30
78.50	333.60	30
79.00	333.54	30
79.50	333.49	30
80.00	333.48	30
80.50	333.51	30
81.00	333.49	30
81.50	333.50	30
82.00	333.50	30
82.50	333.51	30
83.00	333.51	30
83.50	333.52	30
84.00	333.52	30
84.50	333.53	30
85.00	333.54	30
85.50	333.55	30
86.00	333.57	30
86.50	333.58	30
87.00	333.59	30
87.50	333.59	30
88.00	333.61	30
88.50	333.62	30
89.00	333.63	30
89.50	333.65	30
90.00	333.66	30
90.50	333.66	30
91.00	333.68	30
91.50	333.67	30
92.00	333.65	30
92.50	333.65	30
93.00	333.65	30
93.50	333.75	30
94.00	333.75	30
94.50	333.81	30
95.00	333.80	30
95.50	333.80	30
96.00	333.79	30
96.50	333.80	30
97.00	333.78	30
97.50	333.79	30
98.00	333.76	30
98.50	333.76	30
99.00	333.74	30
99.50	333.75	30
100.00	333.75	30
100.50	333.81	30
101.00	333.85	30
101.50	333.85	30
102.00	333.88	30
102.50	333.90	30
103.00	333.93	30
103.50	333.95	30
104.00	333.94	30
104.50	333.98	30
105.00	333.94	30
105.50	333.97	30
106.00	333.95	30
106.50	333.93	30
107.00	333.93	30
107.50	333.93	30
108.00	333.93	30
108.50	333.91	30
109.00	333.93	30
109.50	333.93	30
110.00	333.88	30
110.50	333.91	30
111.00	333.91	30
111.50	333.91	30
112.00	333.78	30
112.50	333.78	30
113.00	333.69	30
113.50	333.70	30
114.00	333.75	30
114.50	333.75	30
115.00	333.75	30
115.50	333.75	30
116.00	333.76	30
116.50	333.76	30
117.00	333.77	30
117.50	333.77	30
118.00	333.81	30
118.50	333.81	30
119.00	333.85	30
119.50	333.85	30
120.00	333.83	30
120.50	333.84	30
121.00	333.84	30
121.50	333.85	30
122.00	333.86	30
122.50	333.86	30
123.00	333.84	30
123.50	333.84	30
124.00	333.84	30
124.50	333.85	30
125.00	333.85	30
125.50	333.85	30
126.00	333.83	30
126.50	333.81	30
127.00	333.78	30
127.50	333.79	30
128.00	333.79	30
128.50	333.80	30
129.00	333.80	30
129.50	333.80	30
130.00	333.83	30
130.50	333.85	30
131.00	333.78	30
131.50	333.78	30
132.00	333.70	30
132.50	333.67	30
133.00	333.67	30
133.50	333.02	30
134.00	333.02	30
134.50	333.02	30
135.00	333.07	30
135.50	333.11	30
136.00	333.11	30
136.50	333.06	30
137.00	333.02	30
137.50	333.02	30
138.00	333.09	30
138.50	333.13	30
139.00	333.14	30
139.50	333.14	30
140.00	333.08	30
140.50	333.09	30
141.00	333.09	30
141.50	333.12	30
142.00	333.14	30
142.50	333.21	30
143.00	333.21	30
143.50	333.28	30
144.00	333.63	30
144.50	333.66	30
145.00	333.65	30
145.50	333.65	30
146.00	333.68	30
146.50	333.69	30
147.00	333.70	30
147.50	333.70	30
148.00	333.70	30
148.50	333.72	30
149.00	333.72	30
149.50	333.74	30
150.00	333.74	30
150.50	333.72	30
151.00	333.71	30
151.50	333.70	30
152.00	333.71	30
152.50	333.71	30
153.00	333.70	30
153.50	333.70	30
154.00	333.70	30
154.50	333.67	30
155.00	333.66	30
155.50	333.65	30
156.00	333.65	30
156.50	333.65	30
157.00	333.65	30
157.50	333.65	30
158.00	333.64	30
158.50	333.64	30
159.00	333.64	30
159.50	333.64	30
160.00	333.64	30
160.50	333.63	30
161.00	333.63	30
161.50	333.61	30
162.00	333.61	30
162.50	333.60	30
163.00	333.60	30
163.50	333.59	30
164.00	333.58	30
164.50	333.58	30
165.00	333.57	30
165.50	333.57	30
166.00	333.57	30
166.50	333.57	30
167.00	333.57	30
167.50	333.57	30
168.00	333.57	30
168.50	333.57	30
169.00	333.57	30
169.50	333.57	30
170.00	333.57	30
170.50	333.57	30
171.00	333.57	30
171.50	333.57	30
172.00	333.57	30
172.50	333.57	30
173.00	333.57	30
173.50	333.57	30
174.00	333.57	30
174.50	333.56	30
175.00	333.57	30
175.50	333.56	30
176.00	333.56	30
176.50	333.56	30
177.00	333.56	30
177.50	333.56	30
178.00	333.08	30
178.50	333.08	30
179.00	333.08	30
179.50	333.08	30
180.00	333.07	30
180.50	333.07	30
181.00	333.07	30
181.50	333.07	30
182.00	333.08	30
182.50	333.07	30
183.00	333.00	30
183.50	332.97	30
184.00	332.90	30
184.50	332.89	30
185.00	332.96	30
185.50	332.96	30
186.00	332.95	30
186.50	332.95	30
187.00	332.95	30
187.50	332.94	30
188.00	332.93	30
188.50	332.87	30
189.00	332.83	30
189.50	332.84	30
190.00	332.84	30
190.50	332.87	30
191.00	332.97	30
191.50	333.05	30
192.00	332.96	30
192.50	332.96	30
193.00	332.98	30
193.50	333.01	30
194.00	333.36	30
194.50	333.36	30
195.00	333.36	30
195.50	333.36	30
196.00	333.36	30
196.50	333.36	30
197.00	333.36	30
197.50	333.36	30
198.00	333.36	30
198.50	333.36	30
199.00	333.36	30
199.50	333.11	30
200.00	333.37	30
200.50	333.12	30
201.00	333.10	30
201.50	333.06	30
202.00	333.05	30
202.50	333.05	30
203.00	333.05	30
203.50	333.04	30
204.00	333.09	30
204.50	333.03	30
205.00	333.00	30
205.50	333.00	30
206.00	332.99	30
206.50	332.99	30
207.00	332.99	30
207.50	333.00	30
208.00	332.97	30
208.50	332.91	30
209.00	332.91	30
209.50	332.89	30
210.00	332.90	30
210.50	332.90	30
211.00	332.93	30
211.50	332.98	30
212.00	333.00	30
212.50	332.99	30
213.00	333.12	30
213.50	333.12	30
214.00	333.03	30
214.50	333.03	30
215.00	333.03	30
215.50	333.04	30
216.00	333.04	30
216.50	333.04	30
217.00	333.05	30
217.50	333.04	30
218.00	333.05	30
218.50	333.05	30
219.00	333.05	30
219.50	333.05	30
220.00	333.05	30
220.50	333.06	30
221.00	333.06	30
221.50	333.06	30
222.00	333.06	30
222.50	333.06	30
223.00	333.06	30
223.50	333.06	30
224.00	333.07	30
224.50	333.07	30
225.00	333.07	30
225.50	333.07	30
226.00	333.07	30
226.50	333.08	30
227.00	333.09	30
227.50	333.09	30
228.00	333.50	30
228.50	334.12	30
229.00	334.23	30
229.50	334.00	30
230.00	334.00	30
230.50	334.04	30
231.00	334.02	30
231.50	334.06	30
232.00	334.07	30
232.50	360.00	30
