    #         slope           discharge               Qs              meandepth           meanwidth         activewidth
  1   0.0052182    30.0000000     0.0146832     0.2867291    83.4613488    35.5000000
  1   0.0052182    50.0000000     0.0308433     0.2684912   143.7562765    47.5000000
  1   0.0052182   100.0000000     0.0693410     0.2907338   258.7106398    92.5000000
  1   0.0052182   150.0000000     0.1084501     0.3297200   333.5125945   146.5000000
  1   0.0052182   200.0000000     0.1519390     0.3882079   360.1271270   193.5000000
  1   0.0052182   250.0000000     0.2011539     0.4358681   381.3020378   248.0000000
  1   0.0052182   300.0000000     0.2569817     0.4787218   398.6576407   301.5000000
  1   0.0052182   350.0000000     0.3185751     0.5249165   407.6203789   332.5000000
  1   0.0052182   400.0000000     0.3859573     0.5634358   417.5053575   353.5000000
  1   0.0052182   450.0000000     0.4593333     0.6023236   424.2787955   362.5000000
  1   0.0052182   500.0000000     0.5362943     0.6372430   431.8759222   377.0000000
  2   0.0052182    30.0000000     0.0237721     0.3313787    62.7668836    23.0000000
  2   0.0052182    50.0000000     0.0433023     0.3540821    93.6767745    43.0000000
  2   0.0052182   100.0000000     0.0890605     0.2981105   231.6575011    74.5000000
  2   0.0052182   150.0000000     0.1318492     0.3439335   297.5527658   118.0000000
  2   0.0052182   200.0000000     0.1768566     0.3830448   344.3457518   188.0000000
  2   0.0052182   250.0000000     0.2268647     0.4023550   398.6386318   236.5000000
  2   0.0052182   300.0000000     0.2807892     0.4315441   433.6885698   269.0000000
  2   0.0052182   350.0000000     0.3384380     0.4549167   468.2358003   297.0000000
  2   0.0052182   400.0000000     0.4003067     0.4753674   499.3988683   326.5000000
  2   0.0052182   450.0000000     0.4652592     0.4987793   525.6249343   350.5000000
  2   0.0052182   500.0000000     0.5316512     0.5104384   559.1053639   383.5000000
  3   0.0052182    30.0000000     0.0144297     0.2048644   133.6003064    25.0000000
  3   0.0052182    50.0000000     0.0247123     0.2502231   175.4754026    40.5000000
  3   0.0052182   100.0000000     0.0534750     0.2762625   292.1469971   126.0000000
  3   0.0052182   150.0000000     0.0881130     0.2826015   417.0386970   165.5000000
  3   0.0052182   200.0000000     0.1258614     0.3096546   493.6497808   209.5000000
  3   0.0052182   250.0000000     0.1666804     0.3399514   544.1062568   249.0000000
  3   0.0052182   300.0000000     0.2101818     0.3594465   600.6607947   296.0000000
  3   0.0052182   350.0000000     0.2567025     0.3795681   645.3898063   345.0000000
  3   0.0052182   400.0000000     0.3060605     0.4115515   661.7394970   405.5000000
  3   0.0052182   450.0000000     0.3592611     0.4446907   670.4860480   458.0000000
  3   0.0052182   500.0000000     0.4164492     0.4759164   677.7457599   489.5000000
  4   0.0052182    30.0000000     0.0210782     0.2669085    84.0957472    22.0000000
  4   0.0052182    50.0000000     0.0350452     0.2485377   154.2881726    47.0000000
  4   0.0052182   100.0000000     0.0669898     0.2409911   335.0508835    85.5000000
  4   0.0052182   150.0000000     0.0977172     0.2820434   424.5199168   144.0000000
  4   0.0052182   200.0000000     0.1309479     0.3139376   491.7946039   202.0000000
  4   0.0052182   250.0000000     0.1673809     0.3361617   554.9677674   263.5000000
  4   0.0052182   300.0000000     0.2077290     0.3581658   606.7199876   331.0000000
  4   0.0052182   350.0000000     0.2524931     0.3886654   633.5178557   396.5000000
  4   0.0052182   400.0000000     0.3012110     0.4269727   638.5555028   420.5000000
  4   0.0052182   450.0000000     0.3538415     0.4639092   640.7515660   452.0000000
  4   0.0052182   500.0000000     0.4111832     0.4967370   645.4522143   489.0000000
  5   0.0052182    30.0000000     0.0046932     0.1706427   198.1632082    40.0000000
  5   0.0052182    50.0000000     0.0106736     0.2034999   258.6750234    53.0000000
  5   0.0052182   100.0000000     0.0287831     0.2214000   436.5135572   128.5000000
  5   0.0052182   150.0000000     0.0515711     0.2496906   549.8852999   196.5000000
  5   0.0052182   200.0000000     0.0791647     0.2983283   577.8715582   242.0000000
  5   0.0052182   250.0000000     0.1113299     0.3435918   591.6365605   294.5000000
  5   0.0052182   300.0000000     0.1489936     0.3818920   606.7949028   366.0000000
  5   0.0052182   350.0000000     0.1918320     0.4203368   613.3217729   443.0000000
  5   0.0052182   400.0000000     0.2410525     0.4593881   615.2764770   506.0000000
  5   0.0052182   450.0000000     0.2959651     0.4928921   619.4921424   553.0000000
  5   0.0052182   500.0000000     0.3565210     0.5257478   623.3639566   571.0000000
  6   0.0052182    30.0000000     0.0129739     0.2255815   117.0122344    31.0000000
  6   0.0052182    50.0000000     0.0240180     0.2386801   180.3218317    51.5000000
  6   0.0052182   100.0000000     0.0530611     0.2629456   316.3109201   105.0000000
  6   0.0052182   150.0000000     0.0842503     0.2566763   480.4974916   156.5000000
  6   0.0052182   200.0000000     0.1172153     0.2932145   545.5354752   207.5000000
  6   0.0052182   250.0000000     0.1534504     0.3378008   569.0337417   262.0000000
  6   0.0052182   300.0000000     0.1930512     0.3797651   581.7154561   306.5000000
  6   0.0052182   350.0000000     0.2373174     0.4247936   582.3038408   375.5000000
  6   0.0052182   400.0000000     0.2865562     0.4667619   582.3856296   455.0000000
  6   0.0052182   450.0000000     0.3422062     0.5066995   582.4634608   502.0000000
  6   0.0052182   500.0000000     0.4023805     0.5439364   582.5049626   541.0000000
  7   0.0052182    30.0000000     0.0013622     0.1795801   195.4415655    45.5000000
  7   0.0052182    50.0000000     0.0056156     0.1910305   287.5124487    72.5000000
  7   0.0052182   100.0000000     0.0230806     0.2496704   385.4902043   121.5000000
  7   0.0052182   150.0000000     0.0481981     0.2938653   448.3123288   193.5000000
  7   0.0052182   200.0000000     0.0803160     0.3305648   495.8174838   278.0000000
  7   0.0052182   250.0000000     0.1197538     0.3823425   504.5681804   322.5000000
  7   0.0052182   300.0000000     0.1655043     0.4234210   517.3467321   375.5000000
  7   0.0052182   350.0000000     0.2177290     0.4581166   531.9283004   399.5000000
  7   0.0052182   400.0000000     0.2759212     0.4995848   535.0574936   439.0000000
  7   0.0052182   450.0000000     0.3394097     0.5382111   537.9594878   471.0000000
  7   0.0052182   500.0000000     0.4082666     0.5750614   539.6010696   496.5000000
  8   0.0052182    30.0000000     0.0077560     0.2166184   136.2300728    39.5000000
  8   0.0052182    50.0000000     0.0164857     0.2434703   188.2386307    62.5000000
  8   0.0052182   100.0000000     0.0456346     0.2791443   298.0475612   123.0000000
  8   0.0052182   150.0000000     0.0813841     0.3135381   377.3361964   173.0000000
  8   0.0052182   200.0000000     0.1223508     0.3560213   417.3896199   208.0000000
  8   0.0052182   250.0000000     0.1686746     0.4127667   426.5573803   263.0000000
  8   0.0052182   300.0000000     0.2209750     0.4610180   437.0246733   315.0000000
  8   0.0052182   350.0000000     0.2792829     0.5039925   446.4826381   364.5000000
  8   0.0052182   400.0000000     0.3427068     0.5369835   459.4131141   389.5000000
  8   0.0052182   450.0000000     0.4128269     0.5752594   466.7616616   413.5000000
  8   0.0052182   500.0000000     0.4873471     0.6137937   469.8891044   421.0000000
  9   0.0052182    30.0000000     0.0180000     0.2827597    84.4153023    26.5000000
  9   0.0052182    50.0000000     0.0316245     0.2912435   134.2539953    52.5000000
  9   0.0052182   100.0000000     0.0690422     0.2895728   261.4952600   100.5000000
  9   0.0052182   150.0000000     0.1103801     0.3785231   281.5052798   140.0000000
  9   0.0052182   200.0000000     0.1589736     0.4582840   289.2096713   201.0000000
  9   0.0052182   250.0000000     0.2166297     0.5283725   294.6554246   263.0000000
  9   0.0052182   300.0000000     0.2839139     0.5898104   299.5477317   275.0000000
  9   0.0052182   350.0000000     0.3596968     0.6487313   302.3241774   283.0000000
  9   0.0052182   400.0000000     0.4421355     0.7035082   304.8422994   288.5000000
  9   0.0052182   450.0000000     0.5310117     0.7571223   306.5803021   293.0000000
  9   0.0052182   500.0000000     0.6230479     0.8054458   308.8300068   296.5000000
 10   0.0052182    30.0000000     0.0198618     0.2827574    78.8404881    25.0000000
 10   0.0052182    50.0000000     0.0362798     0.2970782   125.3486856    41.0000000
 10   0.0052182   100.0000000     0.0777429     0.3299754   216.7451983    96.5000000
 10   0.0052182   150.0000000     0.1238712     0.3807737   267.5845601   136.0000000
 10   0.0052182   200.0000000     0.1756244     0.4418921   291.4994954   193.0000000
 10   0.0052182   250.0000000     0.2342202     0.4862805   315.3627963   220.0000000
 10   0.0052182   300.0000000     0.2996830     0.5525130   319.0000000   250.5000000
 10   0.0052182   350.0000000     0.3711480     0.6085646   323.4626701   279.5000000
 10   0.0052182   400.0000000     0.4495595     0.6637162   325.6490302   289.5000000
 10   0.0052182   450.0000000     0.5329395     0.7185345   326.3353155   302.5000000
 10   0.0052182   500.0000000     0.6208857     0.7700218   327.0000000   318.0000000
 11   0.0052182    30.0000000     0.0239893     0.3497514    56.5537500    30.0000000
 11   0.0052182    50.0000000     0.0463687     0.3527638    91.5054711    37.0000000
 11   0.0052182   100.0000000     0.1008548     0.3932840   157.7079967    75.5000000
 11   0.0052182   150.0000000     0.1557711     0.3862770   238.2802585   110.5000000
 11   0.0052182   200.0000000     0.2133640     0.4906295   240.3453621   145.5000000
 11   0.0052182   250.0000000     0.2774027     0.5812220   240.9211778   190.0000000
 11   0.0052182   300.0000000     0.3490522     0.6598910   241.9931553   239.0000000
 11   0.0052182   350.0000000     0.4303475     0.7295805   243.7018513   240.0000000
 11   0.0052182   400.0000000     0.5192908     0.7997010   243.8880915   240.5000000
 11   0.0052182   450.0000000     0.6130867     0.8647714   244.0126910   241.0000000
 11   0.0052182   500.0000000     0.7131286     0.9221001   245.5138806   242.0000000
