Cross-sections Pinzano1_Jan22
1	566	1
0.00	180.00	30
1.09	171.18	30
2.18	171.18	30
3.26	171.18	30
4.35	171.18	30
5.44	171.25	30
6.53	171.31	30
7.61	171.29	30
8.70	171.32	30
9.79	171.34	30
10.88	171.34	30
11.97	171.33	30
13.05	171.37	30
14.14	171.33	30
15.23	171.33	30
16.32	171.32	30
17.41	171.31	30
18.49	171.25	30
19.58	171.16	30
20.67	171.10	30
21.76	171.08	30
22.84	170.99	30
23.93	170.91	30
25.02	170.90	30
26.11	170.92	30
27.20	170.95	30
28.28	171.08	30
29.37	171.29	30
30.46	171.63	30
31.55	171.86	30
32.63	171.90	30
33.72	171.93	30
34.81	171.93	30
35.90	171.93	30
36.99	171.95	30
38.07	171.98	30
39.16	172.00	30
40.25	171.97	30
41.34	171.96	30
42.43	171.92	30
43.51	171.93	30
44.60	171.90	30
45.69	171.83	30
46.78	171.84	30
47.86	171.78	30
48.95	171.68	30
50.04	171.70	30
51.13	171.73	30
52.22	171.73	30
53.30	171.73	30
54.39	171.73	30
55.48	171.73	30
56.57	171.73	30
57.65	171.70	30
58.74	171.68	30
59.83	171.65	30
60.92	171.68	30
62.01	171.71	30
63.09	171.71	30
64.18	171.75	30
65.27	171.78	30
66.36	171.99	30
67.45	172.20	30
68.53	172.13	30
69.62	172.13	30
70.71	172.22	30
71.80	172.21	30
72.88	172.20	30
73.97	172.25	30
75.06	172.19	30
76.15	172.10	30
77.24	172.19	30
78.32	172.18	30
79.41	172.06	30
80.50	172.00	30
81.59	171.89	30
82.67	171.89	30
83.76	171.86	30
84.85	171.84	30
85.94	171.90	30
87.03	171.82	30
88.11	171.69	30
89.20	171.55	30
90.29	171.58	30
91.38	171.71	30
92.47	171.82	30
93.55	171.87	30
94.64	171.95	30
95.73	171.99	30
96.82	172.01	30
97.90	172.03	30
98.99	172.05	30
100.08	172.08	30
101.17	172.05	30
102.26	171.98	30
103.34	172.05	30
104.43	172.05	30
105.52	172.02	30
106.61	172.05	30
107.69	172.06	30
108.78	172.04	30
109.87	171.68	30
110.96	171.51	30
112.05	171.37	30
113.13	171.35	30
114.22	171.39	30
115.31	171.51	30
116.40	171.53	30
117.48	171.65	30
118.57	171.69	30
119.66	171.72	30
120.75	171.73	30
121.84	171.73	30
122.92	171.72	30
124.01	171.70	30
125.10	171.67	30
126.19	171.66	30
127.28	171.65	30
128.36	171.65	30
129.45	171.64	30
130.54	171.63	30
131.63	171.63	30
132.71	171.60	30
133.80	171.60	30
134.89	171.59	30
135.98	171.56	30
137.07	171.55	30
138.15	171.47	30
139.24	171.42	30
140.33	171.37	30
141.42	171.29	30
142.50	171.20	30
143.59	171.11	30
144.68	171.03	30
145.77	170.92	30
146.86	170.82	30
147.94	170.69	30
149.03	170.63	30
150.12	170.59	30
151.21	170.56	30
152.30	170.56	30
153.38	170.59	30
154.47	170.61	30
155.56	170.67	30
156.65	170.79	30
157.73	170.89	30
158.82	171.08	30
159.91	171.23	30
161.00	171.28	30
162.09	171.36	30
163.17	171.30	30
164.26	171.34	30
165.35	171.37	30
166.44	171.41	30
167.52	171.39	30
168.61	171.41	30
169.70	171.41	30
170.79	171.38	30
171.88	171.46	30
172.96	171.36	30
174.05	171.39	30
175.14	171.37	30
176.23	171.24	30
177.32	171.22	30
178.40	171.11	30
179.49	171.12	30
180.58	171.06	30
181.67	171.04	30
182.75	171.02	30
183.84	170.93	30
184.93	170.91	30
186.02	170.90	30
187.11	170.92	30
188.19	170.88	30
189.28	170.87	30
190.37	170.90	30
191.46	170.95	30
192.54	170.93	30
193.63	170.92	30
194.72	170.89	30
195.81	170.87	30
196.90	170.81	30
197.98	170.79	30
199.07	170.76	30
200.16	170.75	30
201.25	170.77	30
202.34	170.75	30
203.42	170.72	30
204.51	170.72	30
205.60	170.66	30
206.69	170.69	30
207.77	170.65	30
208.86	170.67	30
209.95	170.69	30
211.04	170.67	30
212.13	170.68	30
213.21	170.65	30
214.30	170.61	30
215.39	170.44	30
216.48	170.27	30
217.56	170.21	30
218.65	170.16	30
219.74	170.33	30
220.83	170.49	30
221.92	170.63	30
223.00	170.63	30
224.09	170.74	30
225.18	170.74	30
226.27	170.90	30
227.36	170.93	30
228.44	170.93	30
229.53	171.06	30
230.62	171.07	30
231.71	171.09	30
232.79	171.15	30
233.88	170.71	30
234.97	170.75	30
236.06	170.83	30
237.15	171.00	30
238.23	171.05	30
239.32	171.19	30
240.41	171.18	30
241.50	171.21	30
242.58	171.21	30
243.67	171.19	30
244.76	171.17	30
245.85	171.08	30
246.94	170.97	30
248.02	170.96	30
249.11	170.95	30
250.20	170.93	30
251.29	170.90	30
252.38	170.85	30
253.46	170.78	30
254.55	170.74	30
255.64	170.68	30
256.73	170.63	30
257.81	170.59	30
258.90	170.62	30
259.99	170.68	30
261.08	170.67	30
262.17	170.67	30
263.25	170.68	30
264.34	170.67	30
265.43	170.68	30
266.52	170.66	30
267.60	170.66	30
268.69	170.70	30
269.78	170.68	30
270.87	170.65	30
271.96	170.69	30
273.04	170.74	30
274.13	170.74	30
275.22	170.75	30
276.31	170.77	30
277.40	170.76	30
278.48	170.77	30
279.57	170.77	30
280.66	170.66	30
281.75	170.55	30
282.83	170.51	30
283.92	170.46	30
285.01	170.40	30
286.10	170.48	30
287.19	170.53	30
288.27	170.60	30
289.36	170.64	30
290.45	170.54	30
291.54	170.44	30
292.62	170.33	30
293.71	170.26	30
294.80	170.31	30
295.89	170.23	30
296.98	170.28	30
298.06	170.40	30
299.15	170.45	30
300.24	170.46	30
301.33	170.53	30
302.41	170.59	30
303.50	170.68	30
304.59	170.76	30
305.68	170.91	30
306.77	171.01	30
307.85	171.09	30
308.94	171.18	30
310.03	171.26	30
311.12	171.26	30
312.21	171.26	30
313.29	171.31	30
314.38	171.37	30
315.47	171.46	30
316.56	171.48	30
317.64	171.50	30
318.73	171.46	30
319.82	171.46	30
320.91	171.43	30
322.00	171.45	30
323.08	171.50	30
324.17	171.56	30
325.26	171.59	30
326.35	171.62	30
327.43	171.56	30
328.52	171.60	30
329.61	171.62	30
330.70	171.63	30
331.79	171.63	30
332.87	171.63	30
333.96	171.65	30
335.05	171.67	30
336.14	171.68	30
337.23	171.67	30
338.31	171.67	30
339.40	171.66	30
340.49	171.70	30
341.58	171.70	30
342.66	171.73	30
343.75	171.73	30
344.84	171.70	30
345.93	171.71	30
347.02	171.72	30
348.10	171.71	30
349.19	171.74	30
350.28	171.75	30
351.37	171.76	30
352.45	171.74	30
353.54	171.72	30
354.63	171.71	30
355.72	171.74	30
356.81	171.76	30
357.89	171.75	30
358.98	171.73	30
360.07	171.72	30
361.16	171.75	30
362.25	171.75	30
363.33	171.72	30
364.42	171.70	30
365.51	171.71	30
366.60	171.75	30
367.68	171.77	30
368.77	171.74	30
369.86	171.73	30
370.95	171.74	30
372.04	171.77	30
373.12	171.77	30
374.21	171.71	30
375.30	171.64	30
376.39	171.67	30
377.47	171.69	30
378.56	171.66	30
379.65	171.58	30
380.74	171.58	30
381.83	171.56	30
382.91	171.50	30
384.00	171.51	30
385.09	171.50	30
386.18	171.50	30
387.27	171.35	30
388.35	171.26	30
389.44	171.06	30
390.53	170.95	30
391.62	170.87	30
392.70	170.76	30
393.79	170.81	30
394.88	170.83	30
395.97	170.76	30
397.06	170.70	30
398.14	170.72	30
399.23	170.65	30
400.32	170.65	30
401.41	170.59	30
402.49	170.56	30
403.58	170.54	30
404.67	170.43	30
405.76	170.45	30
406.85	170.56	30
407.93	170.57	30
409.02	170.53	30
410.11	170.56	30
411.20	170.54	30
412.29	170.56	30
413.37	170.58	30
414.46	170.60	30
415.55	170.57	30
416.64	170.54	30
417.72	170.50	30
418.81	170.52	30
419.90	170.46	30
420.99	170.47	30
422.08	170.43	30
423.16	170.48	30
424.25	170.45	30
425.34	170.41	30
426.43	170.42	30
427.51	170.40	30
428.60	170.35	30
429.69	170.37	30
430.78	170.41	30
431.87	170.38	30
432.95	170.36	30
434.04	170.37	30
435.13	170.36	30
436.22	170.36	30
437.31	170.33	30
438.39	170.32	30
439.48	170.30	30
440.57	170.38	30
441.66	170.34	30
442.74	170.43	30
443.83	170.48	30
444.92	170.57	30
446.01	170.70	30
447.10	170.95	30
448.18	171.53	30
449.27	171.91	30
450.36	171.94	30
451.45	171.99	30
452.53	171.99	30
453.62	172.00	30
454.71	172.02	30
455.80	172.08	30
456.89	172.08	30
457.97	172.03	30
459.06	172.01	30
460.15	172.01	30
461.24	172.00	30
462.33	172.03	30
463.41	172.03	30
464.50	172.05	30
465.59	172.11	30
466.68	172.14	30
467.76	172.11	30
468.85	172.12	30
469.94	172.19	30
471.03	172.20	30
472.12	172.20	30
473.20	172.19	30
474.29	172.19	30
475.38	172.19	30
476.47	172.14	30
477.55	172.10	30
478.64	172.13	30
479.73	172.01	30
480.82	171.62	30
481.91	171.51	30
482.99	171.64	30
484.08	171.72	30
485.17	171.79	30
486.26	171.68	30
487.34	171.65	30
488.43	171.72	30
489.52	171.72	30
490.61	171.61	30
491.70	171.58	30
492.78	171.52	30
493.87	171.53	30
494.96	171.52	30
496.05	171.63	30
497.14	171.70	30
498.22	171.81	30
499.31	171.79	30
500.40	171.80	30
501.49	171.82	30
502.57	171.89	30
503.66	171.83	30
504.75	171.82	30
505.84	171.86	30
506.93	171.90	30
508.01	171.93	30
509.10	171.92	30
510.19	171.84	30
511.28	171.80	30
512.36	171.90	30
513.45	171.81	30
514.54	171.76	30
515.63	171.80	30
516.72	171.74	30
517.80	171.76	30
518.89	171.78	30
519.98	171.75	30
521.07	171.77	30
522.16	171.76	30
523.24	171.77	30
524.33	171.82	30
525.42	171.82	30
526.51	171.80	30
527.59	171.78	30
528.68	171.94	30
529.77	171.97	30
530.86	171.97	30
531.95	172.05	30
533.03	172.16	30
534.12	172.10	30
535.21	172.08	30
536.30	171.98	30
537.38	171.94	30
538.47	171.89	30
539.56	171.54	30
540.65	171.38	30
541.74	171.19	30
542.82	171.21	30
543.91	171.23	30
545.00	171.16	30
546.09	171.14	30
547.18	171.14	30
548.26	171.03	30
549.35	170.98	30
550.44	170.96	30
551.53	170.83	30
552.61	170.77	30
553.70	170.65	30
554.79	170.50	30
555.88	170.48	30
556.97	170.37	30
558.05	170.33	30
559.14	170.33	30
560.23	170.32	30
561.32	170.29	30
562.40	170.21	30
563.49	170.15	30
564.58	170.04	30
565.67	170.05	30
566.76	169.99	30
567.84	169.91	30
568.93	169.86	30
570.02	169.86	30
571.11	169.81	30
572.20	169.80	30
573.28	169.74	30
574.37	169.67	30
575.46	169.66	30
576.55	169.61	30
577.63	169.70	30
578.72	169.69	30
579.81	169.58	30
580.90	169.55	30
581.99	169.59	30
583.07	169.58	30
584.16	169.65	30
585.25	169.75	30
586.34	169.85	30
587.42	169.88	30
588.51	169.88	30
589.60	169.92	30
590.69	169.92	30
591.78	169.92	30
592.86	169.96	30
593.95	170.02	30
595.04	170.03	30
596.13	170.07	30
597.22	170.14	30
598.30	170.17	30
599.39	170.16	30
600.48	170.19	30
601.57	170.24	30
602.65	170.28	30
603.74	170.27	30
604.83	170.29	30
605.92	170.28	30
607.01	170.27	30
608.09	170.27	30
609.18	170.27	30
610.27	170.27	30
611.36	170.27	30
612.44	170.27	30
613.53	170.27	30
614.62	180.00	30
