Cross-sections Pinzano6_Jan22
1	547	1
0.00	180.00	30
1.05	168.59	30
2.10	168.58	30
3.15	168.54	30
4.19	168.56	30
5.24	168.57	30
6.29	168.63	30
7.34	168.62	30
8.39	168.65	30
9.44	168.71	30
10.49	168.76	30
11.54	168.76	30
12.58	168.83	30
13.63	168.83	30
14.68	168.80	30
15.73	168.79	30
16.78	168.79	30
17.83	168.80	30
18.88	168.82	30
19.93	168.81	30
20.97	168.78	30
22.02	168.75	30
23.07	168.76	30
24.12	168.75	30
25.17	168.75	30
26.22	168.73	30
27.27	168.70	30
28.32	168.69	30
29.36	168.63	30
30.41	168.56	30
31.46	168.51	30
32.51	168.71	30
33.56	168.80	30
34.61	168.68	30
35.66	168.40	30
36.70	168.35	30
37.75	168.37	30
38.80	168.37	30
39.85	168.30	30
40.90	168.24	30
41.95	168.23	30
43.00	168.20	30
44.05	168.19	30
45.09	168.14	30
46.14	168.06	30
47.19	167.96	30
48.24	167.75	30
49.29	167.46	30
50.34	167.26	30
51.39	167.17	30
52.44	167.28	30
53.48	167.27	30
54.53	167.30	30
55.58	167.26	30
56.63	167.30	30
57.68	167.39	30
58.73	167.41	30
59.78	167.50	30
60.83	167.52	30
61.87	167.58	30
62.92	167.44	30
63.97	167.90	30
65.02	168.25	30
66.07	168.21	30
67.12	168.03	30
68.17	167.86	30
69.21	167.40	30
70.26	167.24	30
71.31	167.14	30
72.36	167.13	30
73.41	167.10	30
74.46	167.11	30
75.51	167.05	30
76.56	167.04	30
77.60	167.06	30
78.65	167.15	30
79.70	167.20	30
80.75	167.21	30
81.80	167.22	30
82.85	167.42	30
83.90	167.48	30
84.95	167.55	30
85.99	167.65	30
87.04	167.71	30
88.09	167.83	30
89.14	167.88	30
90.19	167.87	30
91.24	167.83	30
92.29	167.96	30
93.34	167.93	30
94.38	167.95	30
95.43	167.98	30
96.48	167.98	30
97.53	167.95	30
98.58	167.99	30
99.63	168.08	30
100.68	168.07	30
101.72	168.09	30
102.77	168.06	30
103.82	168.02	30
104.87	168.06	30
105.92	168.07	30
106.97	168.08	30
108.02	168.10	30
109.07	168.15	30
110.11	168.11	30
111.16	168.11	30
112.21	168.22	30
113.26	168.20	30
114.31	168.18	30
115.36	168.22	30
116.41	168.22	30
117.46	168.21	30
118.50	168.22	30
119.55	168.17	30
120.60	168.17	30
121.65	168.21	30
122.70	168.21	30
123.75	168.28	30
124.80	168.36	30
125.85	168.48	30
126.89	168.52	30
127.94	168.58	30
128.99	168.68	30
130.04	168.69	30
131.09	168.68	30
132.14	168.64	30
133.19	168.64	30
134.23	168.72	30
135.28	168.75	30
136.33	168.76	30
137.38	168.78	30
138.43	168.77	30
139.48	168.77	30
140.53	168.79	30
141.58	168.80	30
142.62	168.82	30
143.67	168.79	30
144.72	168.82	30
145.77	168.83	30
146.82	168.84	30
147.87	168.85	30
148.92	168.89	30
149.97	168.89	30
151.01	168.91	30
152.06	168.90	30
153.11	168.80	30
154.16	168.79	30
155.21	168.78	30
156.26	168.67	30
157.31	168.62	30
158.35	168.62	30
159.40	168.66	30
160.45	168.69	30
161.50	168.73	30
162.55	168.76	30
163.60	168.76	30
164.65	168.78	30
165.70	168.80	30
166.74	168.78	30
167.79	168.78	30
168.84	168.80	30
169.89	168.79	30
170.94	168.78	30
171.99	168.75	30
173.04	168.79	30
174.09	168.80	30
175.13	168.82	30
176.18	168.83	30
177.23	168.83	30
178.28	168.82	30
179.33	168.78	30
180.38	168.82	30
181.43	168.82	30
182.48	168.78	30
183.52	168.78	30
184.57	168.79	30
185.62	168.73	30
186.67	168.68	30
187.72	168.73	30
188.77	168.73	30
189.82	168.74	30
190.86	168.74	30
191.91	168.72	30
192.96	168.72	30
194.01	168.73	30
195.06	168.73	30
196.11	168.69	30
197.16	168.72	30
198.21	168.69	30
199.25	168.64	30
200.30	168.63	30
201.35	168.68	30
202.40	168.64	30
203.45	168.57	30
204.50	168.61	30
205.55	168.61	30
206.60	168.57	30
207.64	168.53	30
208.69	168.46	30
209.74	168.41	30
210.79	168.38	30
211.84	168.39	30
212.89	168.32	30
213.94	168.30	30
214.99	168.27	30
216.03	168.26	30
217.08	168.29	30
218.13	168.29	30
219.18	168.30	30
220.23	168.32	30
221.28	168.31	30
222.33	168.36	30
223.37	168.37	30
224.42	168.33	30
225.47	168.22	30
226.52	168.23	30
227.57	168.23	30
228.62	168.23	30
229.67	168.24	30
230.72	168.25	30
231.76	168.25	30
232.81	168.26	30
233.86	168.25	30
234.91	168.23	30
235.96	168.29	30
237.01	168.34	30
238.06	168.37	30
239.11	168.41	30
240.15	168.40	30
241.20	168.40	30
242.25	168.32	30
243.30	168.31	30
244.35	168.35	30
245.40	168.32	30
246.45	168.28	30
247.50	168.28	30
248.54	168.38	30
249.59	168.80	30
250.64	168.97	30
251.69	169.13	30
252.74	169.26	30
253.79	169.23	30
254.84	169.28	30
255.88	169.30	30
256.93	169.32	30
257.98	169.33	30
259.03	169.37	30
260.08	169.42	30
261.13	169.38	30
262.18	169.36	30
263.23	169.36	30
264.27	169.33	30
265.32	169.35	30
266.37	169.42	30
267.42	169.36	30
268.47	169.29	30
269.52	169.22	30
270.57	169.18	30
271.62	169.16	30
272.66	169.20	30
273.71	169.22	30
274.76	169.16	30
275.81	169.11	30
276.86	169.12	30
277.91	169.17	30
278.96	169.19	30
280.01	169.20	30
281.05	169.16	30
282.10	169.16	30
283.15	169.19	30
284.20	169.20	30
285.25	169.23	30
286.30	169.19	30
287.35	169.20	30
288.39	169.22	30
289.44	169.24	30
290.49	169.23	30
291.54	169.22	30
292.59	169.24	30
293.64	169.26	30
294.69	169.24	30
295.74	169.22	30
296.78	169.21	30
297.83	169.20	30
298.88	169.22	30
299.93	169.20	30
300.98	169.14	30
302.03	169.15	30
303.08	169.16	30
304.13	169.14	30
305.17	169.14	30
306.22	169.13	30
307.27	169.14	30
308.32	169.11	30
309.37	169.13	30
310.42	169.15	30
311.47	169.16	30
312.52	169.34	30
313.56	169.36	30
314.61	169.34	30
315.66	169.38	30
316.71	169.37	30
317.76	169.35	30
318.81	169.36	30
319.86	169.34	30
320.90	169.33	30
321.95	169.29	30
323.00	169.29	30
324.05	169.30	30
325.10	169.30	30
326.15	169.25	30
327.20	169.24	30
328.25	169.26	30
329.29	169.31	30
330.34	169.32	30
331.39	169.31	30
332.44	169.25	30
333.49	169.24	30
334.54	169.24	30
335.59	169.24	30
336.64	169.19	30
337.68	169.15	30
338.73	169.17	30
339.78	169.23	30
340.83	169.22	30
341.88	169.17	30
342.93	169.19	30
343.98	169.22	30
345.03	169.20	30
346.07	169.23	30
347.12	169.25	30
348.17	169.22	30
349.22	169.24	30
350.27	169.22	30
351.32	169.23	30
352.37	169.32	30
353.41	169.42	30
354.46	169.39	30
355.51	169.39	30
356.56	169.39	30
357.61	169.39	30
358.66	169.50	30
359.71	169.59	30
360.76	169.63	30
361.80	169.72	30
362.85	169.88	30
363.90	169.98	30
364.95	170.02	30
366.00	169.74	30
367.05	169.81	30
368.10	169.85	30
369.15	169.69	30
370.19	169.58	30
371.24	169.65	30
372.29	169.59	30
373.34	169.60	30
374.39	169.63	30
375.44	169.67	30
376.49	169.69	30
377.54	169.64	30
378.58	169.67	30
379.63	169.68	30
380.68	169.71	30
381.73	169.71	30
382.78	169.64	30
383.83	169.68	30
384.88	169.69	30
385.92	169.65	30
386.97	169.64	30
388.02	169.62	30
389.07	169.63	30
390.12	169.66	30
391.17	169.61	30
392.22	169.61	30
393.27	169.60	30
394.31	169.58	30
395.36	169.60	30
396.41	169.59	30
397.46	169.61	30
398.51	169.64	30
399.56	169.69	30
400.61	169.70	30
401.66	169.69	30
402.70	169.71	30
403.75	169.74	30
404.80	169.75	30
405.85	169.60	30
406.90	169.69	30
407.95	169.81	30
409.00	169.78	30
410.05	169.81	30
411.09	169.82	30
412.14	169.81	30
413.19	169.81	30
414.24	169.79	30
415.29	169.80	30
416.34	169.82	30
417.39	169.84	30
418.43	169.82	30
419.48	169.85	30
420.53	169.89	30
421.58	169.87	30
422.63	169.85	30
423.68	169.88	30
424.73	169.87	30
425.78	169.85	30
426.82	169.86	30
427.87	169.87	30
428.92	169.88	30
429.97	169.87	30
431.02	169.88	30
432.07	169.90	30
433.12	169.87	30
434.17	169.85	30
435.21	169.87	30
436.26	169.81	30
437.31	169.85	30
438.36	169.85	30
439.41	169.84	30
440.46	169.86	30
441.51	169.88	30
442.55	169.82	30
443.60	169.84	30
444.65	169.84	30
445.70	169.83	30
446.75	169.83	30
447.80	169.86	30
448.85	169.84	30
449.90	169.88	30
450.94	169.93	30
451.99	169.91	30
453.04	169.89	30
454.09	169.89	30
455.14	169.89	30
456.19	169.85	30
457.24	169.07	30
458.29	168.08	30
459.33	167.84	30
460.38	167.59	30
461.43	167.49	30
462.48	167.50	30
463.53	167.47	30
464.58	167.39	30
465.63	167.35	30
466.68	167.33	30
467.72	167.38	30
468.77	167.37	30
469.82	167.50	30
470.87	167.54	30
471.92	167.49	30
472.97	167.38	30
474.02	167.30	30
475.06	167.27	30
476.11	167.30	30
477.16	167.37	30
478.21	167.37	30
479.26	167.28	30
480.31	167.28	30
481.36	167.21	30
482.41	167.08	30
483.45	166.89	30
484.50	166.98	30
485.55	166.92	30
486.60	166.97	30
487.65	166.98	30
488.70	166.90	30
489.75	166.92	30
490.80	166.98	30
491.84	166.93	30
492.89	166.90	30
493.94	166.85	30
494.99	166.91	30
496.04	166.91	30
497.09	167.03	30
498.14	167.18	30
499.19	167.20	30
500.23	167.38	30
501.28	167.37	30
502.33	167.43	30
503.38	167.42	30
504.43	167.54	30
505.48	167.63	30
506.53	167.72	30
507.57	167.78	30
508.62	167.86	30
509.67	167.91	30
510.72	167.97	30
511.77	168.03	30
512.82	168.01	30
513.87	167.98	30
514.92	168.09	30
515.96	168.15	30
517.01	168.20	30
518.06	168.21	30
519.11	168.22	30
520.16	168.21	30
521.21	168.22	30
522.26	168.28	30
523.31	168.30	30
524.35	168.34	30
525.40	168.34	30
526.45	168.35	30
527.50	168.35	30
528.55	168.37	30
529.60	168.40	30
530.65	168.45	30
531.70	168.47	30
532.74	168.49	30
533.79	168.55	30
534.84	168.55	30
535.89	168.54	30
536.94	168.55	30
537.99	168.56	30
539.04	168.54	30
540.08	168.55	30
541.13	168.61	30
542.18	168.59	30
543.23	168.59	30
544.28	168.53	30
545.33	168.48	30
546.38	168.50	30
547.43	168.54	30
548.47	168.53	30
549.52	168.49	30
550.57	168.47	30
551.62	168.36	30
552.67	168.34	30
553.72	168.28	30
554.77	168.22	30
555.82	168.21	30
556.86	168.21	30
557.91	168.17	30
558.96	167.87	30
560.01	167.87	30
561.06	167.87	30
562.11	167.87	30
563.16	167.87	30
564.21	167.87	30
565.25	167.87	30
566.30	167.87	30
567.35	167.87	30
568.40	167.87	30
569.45	167.87	30
570.50	167.87	30
571.55	167.87	30
572.59	180.00	30
