Cross-sections Pinzano5_Jan22
1	523	1
0.00	180.00	30.00
1.09	168.09	30.00
2.19	168.23	30.00
3.28	168.30	30.00
4.38	168.21	30.00
5.47	168.16	30.00
6.57	168.13	30.00
7.66	168.02	30.00
8.75	168.00	30.00
9.85	167.96	30.00
10.94	167.93	30.00
12.04	167.97	30.00
13.13	167.98	30.00
14.22	168.01	30.00
15.32	168.12	30.00
16.41	168.13	30.00
17.51	168.09	30.00
18.60	168.08	30.00
19.70	168.13	30.00
20.79	168.20	30.00
21.88	168.30	30.00
22.98	168.41	30.00
24.07	168.47	30.00
25.17	168.48	30.00
26.26	168.41	30.00
27.35	168.48	30.00
28.45	168.55	30.00
29.54	168.58	30.00
30.64	168.70	30.00
31.73	168.72	30.00
32.83	168.77	30.00
33.92	168.80	30.00
35.01	168.84	30.00
36.11	168.88	30.00
37.20	168.92	30.00
38.30	168.78	30.00
39.39	168.51	30.00
40.48	168.57	30.00
41.58	168.57	30.00
42.67	168.66	30.00
43.77	168.69	30.00
44.86	168.80	30.00
45.96	168.86	30.00
47.05	168.89	30.00
48.14	168.95	30.00
49.24	169.04	30.00
50.33	169.04	30.00
51.43	169.06	30.00
52.52	169.13	30.00
53.61	169.15	30.00
54.71	169.22	30.00
55.80	169.23	30.00
56.90	169.24	30.00
57.99	169.28	30.00
59.09	169.33	30.00
60.18	169.35	30.00
61.27	169.37	30.00
62.37	169.42	30.00
63.46	169.39	30.00
64.56	169.37	30.00
65.65	169.24	30.00
66.74	169.14	30.00
67.84	169.13	30.00
68.93	169.08	30.00
70.03	168.91	30.00
71.12	168.86	30.00
72.22	169.05	30.00
73.31	169.20	30.00
74.40	169.26	30.00
75.50	169.29	30.00
76.59	169.48	30.00
77.69	169.54	30.00
78.78	169.54	30.00
79.87	169.61	30.00
80.97	169.65	30.00
82.06	169.73	30.00
83.16	169.82	30.00
84.25	169.85	30.00
85.35	169.92	30.00
86.44	169.99	30.00
87.53	170.01	30.00
88.63	170.03	30.00
89.72	170.02	30.00
90.82	170.06	30.00
91.91	170.06	30.00
93.00	170.06	30.00
94.10	170.09	30.00
95.19	170.10	30.00
96.29	170.07	30.00
97.38	170.09	30.00
98.48	170.13	30.00
99.57	170.13	30.00
100.66	170.15	30.00
101.76	170.18	30.00
102.85	170.20	30.00
103.95	170.22	30.00
105.04	170.21	30.00
106.13	170.23	30.00
107.23	170.24	30.00
108.32	170.23	30.00
109.42	170.28	30.00
110.51	170.31	30.00
111.61	170.29	30.00
112.70	170.28	30.00
113.79	170.26	30.00
114.89	170.23	30.00
115.98	170.23	30.00
117.08	170.28	30.00
118.17	170.24	30.00
119.26	170.23	30.00
120.36	170.22	30.00
121.45	170.09	30.00
122.55	169.93	30.00
123.64	169.91	30.00
124.74	169.89	30.00
125.83	169.79	30.00
126.92	169.71	30.00
128.02	169.43	30.00
129.11	169.66	30.00
130.21	170.14	30.00
131.30	170.29	30.00
132.39	170.26	30.00
133.49	170.07	30.00
134.58	169.87	30.00
135.68	169.82	30.00
136.77	169.73	30.00
137.87	169.66	30.00
138.96	169.67	30.00
140.05	169.64	30.00
141.15	169.68	30.00
142.24	169.69	30.00
143.34	169.71	30.00
144.43	169.69	30.00
145.53	169.70	30.00
146.62	169.74	30.00
147.71	169.75	30.00
148.81	169.78	30.00
149.90	169.80	30.00
151.00	169.75	30.00
152.09	169.74	30.00
153.18	169.78	30.00
154.28	169.77	30.00
155.37	169.82	30.00
156.47	169.85	30.00
157.56	169.82	30.00
158.66	169.80	30.00
159.75	169.73	30.00
160.84	169.69	30.00
161.94	169.61	30.00
163.03	169.64	30.00
164.13	169.57	30.00
165.22	169.50	30.00
166.31	169.43	30.00
167.41	169.33	30.00
168.50	169.33	30.00
169.60	169.23	30.00
170.69	169.16	30.00
171.79	169.09	30.00
172.88	169.05	30.00
173.97	168.97	30.00
175.07	168.93	30.00
176.16	168.91	30.00
177.26	168.95	30.00
178.35	168.91	30.00
179.44	168.86	30.00
180.54	168.93	30.00
181.63	168.98	30.00
182.73	169.04	30.00
183.82	169.19	30.00
184.92	169.31	30.00
186.01	169.36	30.00
187.10	169.40	30.00
188.20	169.40	30.00
189.29	169.44	30.00
190.39	169.49	30.00
191.48	169.48	30.00
192.57	169.59	30.00
193.67	169.61	30.00
194.76	169.68	30.00
195.86	169.83	30.00
196.95	170.03	30.00
198.05	170.19	30.00
199.14	170.18	30.00
200.23	170.12	30.00
201.33	170.15	30.00
202.42	169.87	30.00
203.52	169.69	30.00
204.61	169.53	30.00
205.70	168.95	30.00
206.80	168.82	30.00
207.89	168.56	30.00
208.99	168.54	30.00
210.08	168.43	30.00
211.18	168.37	30.00
212.27	168.43	30.00
213.36	168.44	30.00
214.46	168.37	30.00
215.55	168.42	30.00
216.65	168.44	30.00
217.74	168.47	30.00
218.83	168.49	30.00
219.93	169.06	30.00
221.02	169.19	30.00
222.12	169.18	30.00
223.21	169.19	30.00
224.31	169.16	30.00
225.40	169.20	30.00
226.49	169.21	30.00
227.59	169.23	30.00
228.68	169.30	30.00
229.78	169.31	30.00
230.87	169.34	30.00
231.96	169.35	30.00
233.06	169.38	30.00
234.15	169.44	30.00
235.25	169.50	30.00
236.34	169.51	30.00
237.44	169.48	30.00
238.53	169.51	30.00
239.62	169.48	30.00
240.72	169.54	30.00
241.81	169.55	30.00
242.91	169.57	30.00
244.00	169.55	30.00
245.09	169.52	30.00
246.19	169.54	30.00
247.28	169.51	30.00
248.38	169.51	30.00
249.47	169.54	30.00
250.57	169.55	30.00
251.66	169.53	30.00
252.75	169.55	30.00
253.85	169.56	30.00
254.94	169.52	30.00
256.04	169.54	30.00
257.13	169.53	30.00
258.22	169.50	30.00
259.32	169.52	30.00
260.41	169.49	30.00
261.51	169.50	30.00
262.60	169.51	30.00
263.70	169.53	30.00
264.79	169.48	30.00
265.88	169.47	30.00
266.98	169.55	30.00
268.07	169.53	30.00
269.17	169.50	30.00
270.26	169.47	30.00
271.36	169.47	30.00
272.45	169.51	30.00
273.54	169.52	30.00
274.64	169.45	30.00
275.73	169.44	30.00
276.83	169.46	30.00
277.92	169.48	30.00
279.01	169.45	30.00
280.11	169.42	30.00
281.20	169.42	30.00
282.30	169.36	30.00
283.39	169.34	30.00
284.49	169.30	30.00
285.58	169.33	30.00
286.67	169.32	30.00
287.77	169.29	30.00
288.86	169.31	30.00
289.96	169.29	30.00
291.05	169.29	30.00
292.14	169.23	30.00
293.24	169.20	30.00
294.33	169.18	30.00
295.43	169.17	30.00
296.52	169.18	30.00
297.62	169.12	30.00
298.71	169.11	30.00
299.80	169.10	30.00
300.90	169.06	30.00
301.99	169.03	30.00
303.09	169.01	30.00
304.18	168.96	30.00
305.27	168.98	30.00
306.37	168.93	30.00
307.46	168.92	30.00
308.56	168.93	30.00
309.65	168.88	30.00
310.75	168.86	30.00
311.84	168.74	30.00
312.93	168.50	30.00
314.03	167.99	30.00
315.12	167.73	30.00
316.22	167.57	30.00
317.31	167.57	30.00
318.40	167.61	30.00
319.50	167.90	30.00
320.59	168.07	30.00
321.69	168.18	30.00
322.78	168.18	30.00
323.88	168.22	30.00
324.97	168.29	30.00
326.06	168.36	30.00
327.16	168.52	30.00
328.25	168.55	30.00
329.35	168.58	30.00
330.44	168.59	30.00
331.53	168.59	30.00
332.63	168.64	30.00
333.72	168.70	30.00
334.82	168.71	30.00
335.91	168.74	30.00
337.01	168.74	30.00
338.10	168.80	30.00
339.19	168.85	30.00
340.29	168.90	30.00
341.38	168.98	30.00
342.48	168.98	30.00
343.57	169.03	30.00
344.66	169.04	30.00
345.76	169.05	30.00
346.85	169.10	30.00
347.95	169.16	30.00
349.04	169.18	30.00
350.14	169.16	30.00
351.23	169.18	30.00
352.32	169.21	30.00
353.42	169.22	30.00
354.51	169.25	30.00
355.61	169.27	30.00
356.70	169.28	30.00
357.79	169.32	30.00
358.89	169.38	30.00
359.98	169.38	30.00
361.08	169.36	30.00
362.17	169.39	30.00
363.27	169.40	30.00
364.36	169.37	30.00
365.45	169.40	30.00
366.55	169.39	30.00
367.64	169.45	30.00
368.74	169.47	30.00
369.83	169.45	30.00
370.92	169.38	30.00
372.02	169.35	30.00
373.11	169.35	30.00
374.21	169.36	30.00
375.30	169.37	30.00
376.40	169.39	30.00
377.49	169.36	30.00
378.58	169.36	30.00
379.68	169.29	30.00
380.77	169.28	30.00
381.87	169.28	30.00
382.96	169.30	30.00
384.05	169.31	30.00
385.15	169.28	30.00
386.24	169.19	30.00
387.34	169.20	30.00
388.43	169.23	30.00
389.53	169.25	30.00
390.62	169.27	30.00
391.71	169.26	30.00
392.81	169.23	30.00
393.90	169.19	30.00
395.00	169.21	30.00
396.09	169.19	30.00
397.18	169.20	30.00
398.28	169.25	30.00
399.37	169.22	30.00
400.47	169.15	30.00
401.56	169.19	30.00
402.66	169.21	30.00
403.75	169.21	30.00
404.84	169.21	30.00
405.94	169.23	30.00
407.03	169.18	30.00
408.13	169.17	30.00
409.22	169.22	30.00
410.32	169.23	30.00
411.41	169.28	30.00
412.50	169.25	30.00
413.60	169.25	30.00
414.69	169.23	30.00
415.79	169.23	30.00
416.88	169.27	30.00
417.97	169.32	30.00
419.07	169.30	30.00
420.16	169.27	30.00
421.26	169.31	30.00
422.35	169.22	30.00
423.45	169.14	30.00
424.54	169.16	30.00
425.63	169.14	30.00
426.73	169.09	30.00
427.82	169.10	30.00
428.92	169.08	30.00
430.01	169.02	30.00
431.10	169.10	30.00
432.20	169.02	30.00
433.29	168.94	30.00
434.39	168.91	30.00
435.48	168.80	30.00
436.58	168.66	30.00
437.67	168.21	30.00
438.76	167.98	30.00
439.86	167.80	30.00
440.95	167.47	30.00
442.05	167.28	30.00
443.14	167.13	30.00
444.23	167.22	30.00
445.33	167.39	30.00
446.42	167.54	30.00
447.52	168.17	30.00
448.61	168.60	30.00
449.71	168.78	30.00
450.80	168.82	30.00
451.89	168.80	30.00
452.99	168.82	30.00
454.08	168.77	30.00
455.18	168.69	30.00
456.27	168.62	30.00
457.36	168.57	30.00
458.46	168.46	30.00
459.55	168.50	30.00
460.65	168.34	30.00
461.74	168.35	30.00
462.84	168.26	30.00
463.93	168.24	30.00
465.02	168.18	30.00
466.12	168.14	30.00
467.21	168.12	30.00
468.31	168.07	30.00
469.40	168.00	30.00
470.49	167.94	30.00
471.59	167.85	30.00
472.68	167.82	30.00
473.78	167.77	30.00
474.87	167.79	30.00
475.97	167.83	30.00
477.06	167.85	30.00
478.15	167.88	30.00
479.25	167.87	30.00
480.34	167.87	30.00
481.44	167.86	30.00
482.53	167.93	30.00
483.62	168.01	30.00
484.72	168.20	30.00
485.81	168.44	30.00
486.91	168.67	30.00
488.00	169.13	30.00
489.10	169.20	30.00
490.19	169.23	30.00
491.28	169.21	30.00
492.38	169.22	30.00
493.47	169.25	30.00
494.57	169.22	30.00
495.66	169.24	30.00
496.75	169.26	30.00
497.85	169.20	30.00
498.94	169.24	30.00
500.04	169.22	30.00
501.13	169.22	30.00
502.23	169.25	30.00
503.32	169.27	30.00
504.41	169.25	30.00
505.51	169.19	30.00
506.60	169.24	30.00
507.70	169.20	30.00
508.79	169.15	30.00
509.88	169.15	30.00
510.98	169.18	30.00
512.07	169.14	30.00
513.17	169.13	30.00
514.26	169.12	30.00
515.36	169.10	30.00
516.45	169.11	30.00
517.54	168.97	30.00
518.64	168.75	30.00
519.73	168.68	30.00
520.83	168.74	30.00
521.92	168.71	30.00
523.01	168.74	30.00
524.11	168.85	30.00
525.20	168.77	30.00
526.30	168.73	30.00
527.39	168.85	30.00
528.49	168.94	30.00
529.58	169.07	30.00
530.67	169.13	30.00
531.77	169.20	30.00
532.86	169.25	30.00
533.96	169.31	30.00
535.05	169.33	30.00
536.15	169.44	30.00
537.24	169.57	30.00
538.33	169.54	30.00
539.43	169.63	30.00
540.52	169.72	30.00
541.62	169.73	30.00
542.71	169.77	30.00
543.80	169.80	30.00
544.90	169.81	30.00
545.99	169.86	30.00
547.09	169.87	30.00
548.18	169.83	30.00
549.28	169.82	30.00
550.37	169.86	30.00
551.46	169.84	30.00
552.56	169.86	30.00
553.65	169.83	30.00
554.75	169.81	30.00
555.84	169.85	30.00
556.93	169.84	30.00
558.03	169.82	30.00
559.12	169.81	30.00
560.22	169.82	30.00
561.31	169.80	30.00
562.41	169.82	30.00
563.50	169.78	30.00
564.59	169.84	30.00
565.69	169.90	30.00
566.78	169.88	30.00
567.88	169.84	30.00
568.97	169.84	30.00
570.06	169.87	30.00
571.16	180.00	30.00
