    #         slope           discharge               Qs              meandepth           meanwidth         activewidth
  1   0.0052182     5.0000000     0.0005214     0.1705297    33.5277368     6.0000000
  1   0.0052182    10.0000000     0.0018719     0.2626553    36.6111554    11.0000000
  1   0.0052182    25.0000000     0.0107343     0.3091106    64.8273267    33.0000000
  1   0.0052182    50.0000000     0.0308433     0.2684912   143.7562765    47.5000000
  1   0.0052182   100.0000000     0.0693410     0.2907338   258.7106398    92.5000000
  1   0.0052182   150.0000000     0.1084501     0.3297200   333.5125945   146.5000000
  1   0.0052182   200.0000000     0.1519390     0.3882079   360.1271270   193.5000000
  1   0.0052182   250.0000000     0.2011539     0.4358681   381.3020378   248.0000000
  1   0.0052182   300.0000000     0.2569817     0.4787218   398.6576407   301.5000000
  1   0.0052182   350.0000000     0.3185751     0.5249165   407.6203789   332.5000000
  1   0.0052182   400.0000000     0.3859573     0.5634358   417.5053575   353.5000000
  1   0.0052182   450.0000000     0.4593333     0.6023236   424.2787955   362.5000000
  1   0.0052182   500.0000000     0.5362943     0.6372430   431.8759222   377.0000000
